-180 -180    1      1  44.0367 999.0000
-180 -170    1      1  43.7811 999.0000
-180 -160    1      1  44.3641 999.0000
-180 -150    1      1  45.1288 999.0000
-180 -140    1      1  45.7611 999.0000
-180 -130    1      1  46.4963 999.0000
-180 -120    1      1  46.8383 999.0000
-180 -110    1      1  47.2753 999.0000
-180 -100    1      1  47.3581 999.0000
-180  -90    1      1  47.5393 999.0000
-180  -80    1      1  47.5363 999.0000
-180  -70    1      1  47.4577 999.0000
-180  -60    1      1  47.3869 999.0000
-180  -50    1      1  47.2614 999.0000
-180  -40    1      1  46.7800 999.0000
-180  -30    1      1  46.1936 999.0000
-180  -20    1      1  45.4035 999.0000
-180  -10    1      1  44.7658 999.0000
-180    0    1      1  44.4974 999.0000
-180   10    1      1  44.7546 999.0000
-180   20    1      1  45.4031 999.0000
-180   30    1      1  46.1837 999.0000
-180   40    1      1  46.7586 999.0000
-180   50    1      1  47.3059 999.0000
-180   60    1      1  47.4232 999.0000
-180   70    1      1  47.4440 999.0000
-180   80    1      1  47.5575 999.0000
-180   90    1      1  47.4994 999.0000
-180  100    1      1  47.3429 999.0000
-180  110    1      1  47.2370 999.0000
-180  120    1      1  46.8406 999.0000
-180  130    1      1  46.4777 999.0000
-180  140    1      1  45.7615 999.0000
-180  150    1      1  45.1346 999.0000
-180  160    1      1  44.3518 999.0000
-180  170    1      1  43.8840 999.0000
-180  180    1      1  44.0367 999.0000
-170 -180    1      1  43.4557 999.0000
-170 -170    1      1  43.7491 999.0000
-170 -160    1      1  44.3763 999.0000
-170 -150    1      1  45.0819 999.0000
-170 -140    1      1  45.7450 999.0000
-170 -130    1      1  46.3237 999.0000
-170 -120    1      1  46.7345 999.0000
-170 -110    1      1  46.9826 999.0000
-170 -100    1      1  47.2367 999.0000
-170  -90    1      1  47.3917 999.0000
-170  -80    1      1  47.4381 999.0000
-170  -70    1      1  47.4233 999.0000
-170  -60    1      1  47.2951 999.0000
-170  -50    1      1  47.0188 999.0000
-170  -40    1      1  46.5215 999.0000
-170  -30    1      1  45.8388 999.0000
-170  -20    1      1  45.0952 999.0000
-170  -10    1      1  44.4906 999.0000
-170    0    1      1  44.3588 999.0000
-170   10    1      1  44.8417 999.0000
-170   20    1      1  45.4268 999.0000
-170   30    1      1  46.0510 999.0000
-170   40    1      1  46.6688 999.0000
-170   50    1      1  46.9704 999.0000
-170   60    1      1  47.1318 999.0000
-170   70    1      1  47.2164 999.0000
-170   80    1      1  47.3222 999.0000
-170   90    1      1  47.2839 999.0000
-170  100    1      1  47.2239 999.0000
-170  110    1      1  46.9063 999.0000
-170  120    1      1  46.5770 999.0000
-170  130    1      1  46.0180 999.0000
-170  140    1      1  45.5158 999.0000
-170  150    1      1  44.7816 999.0000
-170  160    1      1  44.0380 999.0000
-170  170    1      1  43.5827 999.0000
-170  180    1      1  43.4557 999.0000
-160 -180    1      1  43.0765 999.0000
-160 -170    1      1  43.4464 999.0000
-160 -160    1      1  43.9285 999.0000
-160 -150    1      1  44.7292 999.0000
-160 -140    1      1  45.2078 999.0000
-160 -130    1      1  45.7976 999.0000
-160 -120    1      1  46.1890 999.0000
-160 -110    1      1  46.5809 999.0000
-160 -100    1      1  46.7169 999.0000
-160  -90    1      1  46.9575 999.0000
-160  -80    1      1  47.1068 999.0000
-160  -70    1      1  47.0266 999.0000
-160  -60    1      1  46.8827 999.0000
-160  -50    1      1  46.5102 999.0000
-160  -40    1      1  45.9416 999.0000
-160  -30    1      1  45.1665 999.0000
-160  -20    1      1  44.4309 999.0000
-160  -10    1      1  43.9885 999.0000
-160    0    1      1  44.0163 999.0000
-160   10    1      1  44.4249 999.0000
-160   20    1      1  45.1109 999.0000
-160   30    1      1  45.6319 999.0000
-160   40    1      1  46.1404 999.0000
-160   50    1      1  46.4488 999.0000
-160   60    1      1  46.6403 999.0000
-160   70    1      1  46.7218 999.0000
-160   80    1      1  46.7892 999.0000
-160   90    1      1  46.6724 999.0000
-160  100    1      1  46.5841 999.0000
-160  110    1      1  46.3942 999.0000
-160  120    1      1  45.9429 999.0000
-160  130    1      1  45.4226 999.0000
-160  140    1      1  44.7780 999.0000
-160  150    1      1  44.0146 999.0000
-160  160    1      1  43.3578 999.0000
-160  170    1      1  43.0761 999.0000
-160  180    1      1  43.0765 999.0000
-150 -180    1      1  42.3620 999.0000
-150 -170    1      1  42.7846 999.0000
-150 -160    1      1  43.3362 999.0000
-150 -150    1      1  43.9800 999.0000
-150 -140    1      1  44.5013 999.0000
-150 -130    1      1  44.9272 999.0000
-150 -120    1      1  45.4432 999.0000
-150 -110    1      1  45.7543 999.0000
-150 -100    1      1  46.0238 999.0000
-150  -90    1      1  46.2195 999.0000
-150  -80    1      1  46.3127 999.0000
-150  -70    1      1  46.3305 999.0000
-150  -60    1      1  46.1443 999.0000
-150  -50    1      1  45.7036 999.0000
-150  -40    1      1  45.0852 999.0000
-150  -30    1      1  44.3083 999.0000
-150  -20    1      1  43.6513 999.0000
-150  -10    1      1  43.3886 999.0000
-150    0    1      1  43.4954 999.0000
-150   10    1      1  43.9090 999.0000
-150   20    1      1  44.4643 999.0000
-150   30    1      1  44.9691 999.0000
-150   40    1      1  45.3597 999.0000
-150   50    1      1  45.6948 999.0000
-150   60    1      1  45.9046 999.0000
-150   70    1      1  46.0001 999.0000
-150   80    1      1  46.0303 999.0000
-150   90    1      1  45.9164 999.0000
-150  100    1      1  45.9060 999.0000
-150  110    1      1  45.5087 999.0000
-150  120    1      1  45.0650 999.0000
-150  130    1      1  44.4668 999.0000
-150  140    1      1  43.7807 999.0000
-150  150    1      1  43.1696 999.0000
-150  160    1      1  42.6525 999.0000
-150  170    1      1  42.2370 999.0000
-150  180    1      1  42.3620 999.0000
-140 -180    1      1  41.5621 999.0000
-140 -170    1      1  42.1158 999.0000
-140 -160    1      1  42.6522 999.0000
-140 -150    1      1  43.1929 999.0000
-140 -140    1      1  43.6563 999.0000
-140 -130    1      1  44.0851 999.0000
-140 -120    1      1  44.4934 999.0000
-140 -110    1      1  44.7622 999.0000
-140 -100    1      1  45.0762 999.0000
-140  -90    1      1  45.3908 999.0000
-140  -80    1      1  45.5116 999.0000
-140  -70    1      1  45.4155 999.0000
-140  -60    1      1  45.3323 999.0000
-140  -50    1      1  44.8440 999.0000
-140  -40    1      1  44.1095 999.0000
-140  -30    1      1  43.3990 999.0000
-140  -20    1      1  42.9090 999.0000
-140  -10    1      1  42.6928 999.0000
-140    0    1      1  42.9069 999.0000
-140   10    1      1  43.2441 999.0000
-140   20    1      1  43.7711 999.0000
-140   30    1      1  44.1575 999.0000
-140   40    1      1  44.5036 999.0000
-140   50    1      1  44.9441 999.0000
-140   60    1      1  44.9860 999.0000
-140   70    1      1  45.1996 999.0000
-140   80    1      1  45.1720 999.0000
-140   90    1      1  45.0687 999.0000
-140  100    1      1  44.9032 999.0000
-140  110    1      1  44.6288 999.0000
-140  120    1      1  44.0773 999.0000
-140  130    1      1  43.5452 999.0000
-140  140    1      1  42.7935 999.0000
-140  150    1      1  42.1657 999.0000
-140  160    1      1  41.8065 999.0000
-140  170    1      1  41.4235 999.0000
-140  180    1      1  41.5621 999.0000
-130 -180    1      1  40.9893 999.0000
-130 -170    1      1  41.4725 999.0000
-130 -160    1      1  41.9357 999.0000
-130 -150    1      1  42.4377 999.0000
-130 -140    1      1  42.9799 999.0000
-130 -130    1      1  43.2974 999.0000
-130 -120    1      1  43.7326 999.0000
-130 -110    1      1  44.0365 999.0000
-130 -100    1      1  44.4059 999.0000
-130  -90    1      1  44.5549 999.0000
-130  -80    1      1  44.6834 999.0000
-130  -70    1      1  44.7628 999.0000
-130  -60    1      1  44.4175 999.0000
-130  -50    1      1  43.9334 999.0000
-130  -40    1      1  43.2810 999.0000
-130  -30    1      1  42.6362 999.0000
-130  -20    1      1  42.2278 999.0000
-130  -10    1      1  42.2204 999.0000
-130    0    1      1  42.3678 999.0000
-130   10    1      1  42.7723 999.0000
-130   20    1      1  43.2292 999.0000
-130   30    1      1  43.6016 999.0000
-130   40    1      1  44.0149 999.0000
-130   50    1      1  44.3361 999.0000
-130   60    1      1  44.5701 999.0000
-130   70    1      1  44.5893 999.0000
-130   80    1      1  44.5541 999.0000
-130   90    1      1  44.4315 999.0000
-130  100    1      1  44.2080 999.0000
-130  110    1      1  43.7973 999.0000
-130  120    1      1  43.3866 999.0000
-130  130    1      1  42.7426 999.0000
-130  140    1      1  42.0306 999.0000
-130  150    1      1  41.5965 999.0000
-130  160    1      1  41.0425 999.0000
-130  170    1      1  40.8815 999.0000
-130  180    1      1  40.9893 999.0000
-120 -180    1      1  40.7158 999.0000
-120 -170    1      1  41.1330 999.0000
-120 -160    1      1  41.4426 999.0000
-120 -150    1      1  41.9020 999.0000
-120 -140    1      1  42.3924 999.0000
-120 -130    1      1  42.8439 999.0000
-120 -120    1      1  43.2008 999.0000
-120 -110    1      1  43.5029 999.0000
-120 -100    1      1  43.9041 999.0000
-120  -90    1      1  44.1141 999.0000
-120  -80    1      1  44.2880 999.0000
-120  -70    1      1  44.1256 999.0000
-120  -60    1      1  43.9167 999.0000
-120  -50    1      1  43.4872 999.0000
-120  -40    1      1  42.9019 999.0000
-120  -30    1      1  42.4009 999.0000
-120  -20    1      1  42.0029 999.0000
-120  -10    1      1  41.9739 999.0000
-120    0    1      1  42.1783 999.0000
-120   10    1      1  42.6436 999.0000
-120   20    1      1  43.0561 999.0000
-120   30    1      1  43.5082 999.0000
-120   40    1      1  43.8120 999.0000
-120   50    1      1  44.0522 999.0000
-120   60    1      1  44.1987 999.0000
-120   70    1      1  44.2301 999.0000
-120   80    1      1  44.1681 999.0000
-120   90    1      1  43.9177 999.0000
-120  100    1      1  43.7418 999.0000
-120  110    1      1  43.3646 999.0000
-120  120    1      1  42.8862 999.0000
-120  130    1      1  42.2853 999.0000
-120  140    1      1  41.6616 999.0000
-120  150    1      1  41.1136 999.0000
-120  160    1      1  40.8360 999.0000
-120  170    1      1  40.6011 999.0000
-120  180    1      1  40.7158 999.0000
-110 -180    1      1  40.8034 999.0000
-110 -170    1      1  41.0279 999.0000
-110 -160    1      1  41.3784 999.0000
-110 -150    1      1  41.8112 999.0000
-110 -140    1      1  42.1783 999.0000
-110 -130    1      1  42.5886 999.0000
-110 -120    1      1  42.8923 999.0000
-110 -110    1      1  43.2048 999.0000
-110 -100    1      1  43.5263 999.0000
-110  -90    1      1  43.9255 999.0000
-110  -80    1      1  43.9917 999.0000
-110  -70    1      1  43.9868 999.0000
-110  -60    1      1  43.6936 999.0000
-110  -50    1      1  43.2983 999.0000
-110  -40    1      1  42.8378 999.0000
-110  -30    1      1  42.4084 999.0000
-110  -20    1      1  42.1464 999.0000
-110  -10    1      1  42.0598 999.0000
-110    0    1      1  42.2925 999.0000
-110   10    1      1  42.6855 999.0000
-110   20    1      1  43.2888 999.0000
-110   30    1      1  43.6130 999.0000
-110   40    1      1  43.9298 999.0000
-110   50    1      1  44.2792 999.0000
-110   60    1      1  44.3193 999.0000
-110   70    1      1  44.1797 999.0000
-110   80    1      1  44.2368 999.0000
-110   90    1      1  44.0287 999.0000
-110  100    1      1  43.6101 999.0000
-110  110    1      1  43.3449 999.0000
-110  120    1      1  42.9288 999.0000
-110  130    1      1  42.4437 999.0000
-110  140    1      1  41.7911 999.0000
-110  150    1      1  41.2514 999.0000
-110  160    1      1  40.8762 999.0000
-110  170    1      1  40.8238 999.0000
-110  180    1      1  40.8034 999.0000
-100 -180    1      1  41.1082 999.0000
-100 -170    1      1  41.2177 999.0000
-100 -160    1      1  41.5292 999.0000
-100 -150    1      1  41.7415 999.0000
-100 -140    1      1  42.1955 999.0000
-100 -130    1      1  42.5376 999.0000
-100 -120    1      1  42.8344 999.0000
-100 -110    1      1  43.0767 999.0000
-100 -100    1      1  43.5028 999.0000
-100  -90    1      1  43.8066 999.0000
-100  -80    1      1  43.9540 999.0000
-100  -70    1      1  44.1026 999.0000
-100  -60    1      1  43.7735 999.0000
-100  -50    1      1  43.5565 999.0000
-100  -40    1      1  43.2090 999.0000
-100  -30    1      1  42.8007 999.0000
-100  -20    1      1  42.6011 999.0000
-100  -10    1      1  42.5431 999.0000
-100    0    1      1  42.7690 999.0000
-100   10    1      1  43.2272 999.0000
-100   20    1      1  43.6686 999.0000
-100   30    1      1  44.1048 999.0000
-100   40    1      1  44.3716 999.0000
-100   50    1      1  44.6985 999.0000
-100   60    1      1  44.7673 999.0000
-100   70    1      1  44.4727 999.0000
-100   80    1      1  44.5471 999.0000
-100   90    1      1  44.2124 999.0000
-100  100    1      1  43.8834 999.0000
-100  110    1      1  43.6312 999.0000
-100  120    1      1  43.3069 999.0000
-100  130    1      1  42.8962 999.0000
-100  140    1      1  42.2718 999.0000
-100  150    1      1  41.7520 999.0000
-100  160    1      1  41.4025 999.0000
-100  170    1      1  41.2048 999.0000
-100  180    1      1  41.1082 999.0000
 -90 -180    1      1  41.6890 999.0000
 -90 -170    1      1  41.6422 999.0000
 -90 -160    1      1  41.8435 999.0000
 -90 -150    1      1  42.0832 999.0000
 -90 -140    1      1  42.3704 999.0000
 -90 -130    1      1  42.6605 999.0000
 -90 -120    1      1  43.0454 999.0000
 -90 -110    1      1  43.3355 999.0000
 -90 -100    1      1  43.7575 999.0000
 -90  -90    1      1  44.1197 999.0000
 -90  -80    1      1  44.3126 999.0000
 -90  -70    1      1  44.3209 999.0000
 -90  -60    1      1  44.3596 999.0000
 -90  -50    1      1  44.1358 999.0000
 -90  -40    1      1  43.7898 999.0000
 -90  -30    1      1  43.4750 999.0000
 -90  -20    1      1  43.2671 999.0000
 -90  -10    1      1  43.2552 999.0000
 -90    0    1      1  43.4346 999.0000
 -90   10    1      1  43.7345 999.0000
 -90   20    1      1  44.2327 999.0000
 -90   30    1      1  44.6137 999.0000
 -90   40    1      1  43.8172 999.0000
 -90   50    1      1  43.8547 999.0000
 -90   60    1      1  43.6121 999.0000
 -90   70    1      1  44.9147 999.0000
 -90   80    1      1  45.0573 999.0000
 -90   90    1      1  44.6806 999.0000
 -90  100    1      1  44.5078 999.0000
 -90  110    1      1  44.2200 999.0000
 -90  120    1      1  43.9269 999.0000
 -90  130    1      1  43.4899 999.0000
 -90  140    1      1  42.9552 999.0000
 -90  150    1      1  42.4525 999.0000
 -90  160    1      1  41.9744 999.0000
 -90  170    1      1  41.7054 999.0000
 -90  180    1      1  41.6890 999.0000
 -80 -180    1      1  42.1914 999.0000
 -80 -170    1      1  42.1732 999.0000
 -80 -160    1      1  42.2805 999.0000
 -80 -150    1      1  42.4961 999.0000
 -80 -140    1      1  42.7327 999.0000
 -80 -130    1      1  42.9557 999.0000
 -80 -120    1      1  43.1733 999.0000
 -80 -110    1      1  43.6283 999.0000
 -80 -100    1      1  43.9954 999.0000
 -80  -90    1      1  44.4894 999.0000
 -80  -80    1      1  44.8032 999.0000
 -80  -70    1      1  45.0600 999.0000
 -80  -60    1      1  44.9637 999.0000
 -80  -50    1      1  44.8415 999.0000
 -80  -40    1      1  44.5374 999.0000
 -80  -30    1      1  44.1822 999.0000
 -80  -20    1      1  43.9438 999.0000
 -80  -10    1      1  43.9504 999.0000
 -80    0    1      1  43.9889 999.0000
 -80   10    1      1  44.2923 999.0000
 -80   20    1      1  43.7219 999.0000
 -80   30    1      1  44.1224 999.0000
 -80   40    1      1  44.1995 999.0000
 -80   50    1      1  44.0900 999.0000
 -80   60    1      1  44.2105 999.0000
 -80   70    1      1  44.3416 999.0000
 -80   80    1      1  45.4459 999.0000
 -80   90    1      1  45.2559 999.0000
 -80  100    1      1  45.1108 999.0000
 -80  110    1      1  45.0035 999.0000
 -80  120    1      1  44.6612 999.0000
 -80  130    1      1  44.1998 999.0000
 -80  140    1      1  43.6331 999.0000
 -80  150    1      1  43.1169 999.0000
 -80  160    1      1  42.6697 999.0000
 -80  170    1      1  42.3780 999.0000
 -80  180    1      1  42.1914 999.0000
 -70 -180    1      1  42.5920 999.0000
 -70 -170    1      1  42.5865 999.0000
 -70 -160    1      1  42.7235 999.0000
 -70 -150    1      1  42.7549 999.0000
 -70 -140    1      1  42.9952 999.0000
 -70 -130    1      1  43.2111 999.0000
 -70 -120    1      1  43.4758 999.0000
 -70 -110    1      1  44.1088 999.0000
 -70 -100    1      1  44.6647 999.0000
 -70  -90    1      1  45.0703 999.0000
 -70  -80    1      1  45.4938 999.0000
 -70  -70    1      1  45.7630 999.0000
 -70  -60    1      1  45.6725 999.0000
 -70  -50    1      1  45.5174 999.0000
 -70  -40    1      1  45.1128 999.0000
 -70  -30    1      1  44.6891 999.0000
 -70  -20    1      1  44.4186 999.0000
 -70  -10    1      1  44.3743 999.0000
 -70    0    1      1  44.3649 999.0000
 -70   10    1      1  43.6734 999.0000
 -70   20    1      1  44.1521 999.0000
 -70   30    1      1  44.4549 999.0000
 -70   40    1      1  44.4292 999.0000
 -70   50    1      1  44.4820 999.0000
 -70   60    1      1  44.2504 999.0000
 -70   70    1      1  44.2297 999.0000
 -70   80    1      1  45.9413 999.0000
 -70   90    1      1  45.9292 999.0000
 -70  100    1      1  45.7939 999.0000
 -70  110    1      1  45.6676 999.0000
 -70  120    1      1  45.2852 999.0000
 -70  130    1      1  44.8164 999.0000
 -70  140    1      1  44.2091 999.0000
 -70  150    1      1  43.7105 999.0000
 -70  160    1      1  43.1634 999.0000
 -70  170    1      1  42.7868 999.0000
 -70  180    1      1  42.5920 999.0000
 -60 -180    1      1  42.9197 999.0000
 -60 -170    1      1  42.9723 999.0000
 -60 -160    1      1  42.9454 999.0000
 -60 -150    1      1  43.0487 999.0000
 -60 -140    1      1  43.2057 999.0000
 -60 -130    1      1  43.4560 999.0000
 -60 -120    1      1  43.8801 999.0000
 -60 -110    1      1  44.5457 999.0000
 -60 -100    1      1  45.2948 999.0000
 -60  -90    1      1  46.0174 999.0000
 -60  -80    1      1  46.3962 999.0000
 -60  -70    1      1  46.5275 999.0000
 -60  -60    1      1  46.3317 999.0000
 -60  -50    1      1  45.9753 999.0000
 -60  -40    1      1  45.4520 999.0000
 -60  -30    1      1  44.9739 999.0000
 -60  -20    1      1  44.8067 999.0000
 -60  -10    1      1  43.5289 999.0000
 -60    0    1      1  43.7637 999.0000
 -60   10    1      1  44.2415 999.0000
 -60   20    1      1  44.9080 999.0000
 -60   30    1      1  45.2247 999.0000
 -60   40    1      1  45.4768 999.0000
 -60   50    1      1  45.8080 999.0000
 -60   60    1      1  46.1064 999.0000
 -60   70    1      1  46.1530 999.0000
 -60   80    1      1  46.5044 999.0000
 -60   90    1      1  46.6183 999.0000
 -60  100    1      1  46.4305 999.0000
 -60  110    1      1  46.2249 999.0000
 -60  120    1      1  45.7525 999.0000
 -60  130    1      1  45.2456 999.0000
 -60  140    1      1  44.6343 999.0000
 -60  150    1      1  44.0865 999.0000
 -60  160    1      1  43.6070 999.0000
 -60  170    1      1  43.1768 999.0000
 -60  180    1      1  42.9197 999.0000
 -50 -180    1      1  43.2648 999.0000
 -50 -170    1      1  43.0631 999.0000
 -50 -160    1      1  42.9149 999.0000
 -50 -150    1      1  42.9871 999.0000
 -50 -140    1      1  43.3693 999.0000
 -50 -130    1      1  43.9495 999.0000
 -50 -120    1      1  44.6823 999.0000
 -50 -110    1      1  45.4668 999.0000
 -50 -100    1      1  46.1655 999.0000
 -50  -90    1      1  46.8604 999.0000
 -50  -80    1      1  47.0244 999.0000
 -50  -70    1      1  46.9139 999.0000
 -50  -60    1      1  46.6413 999.0000
 -50  -50    1      1  46.2713 999.0000
 -50  -40    1      1  45.6186 999.0000
 -50  -30    1      1  45.2588 999.0000
 -50  -20    1      1  44.0892 999.0000
 -50  -10    1      1  43.8442 999.0000
 -50    0    1      1  44.6229 999.0000
 -50   10    1      1  44.8537 999.0000
 -50   20    1      1  45.2822 999.0000
 -50   30    1      1  45.5200 999.0000
 -50   40    1      1  45.8873 999.0000
 -50   50    1      1  46.5620 999.0000
 -50   60    1      1  47.2264 999.0000
 -50   70    1      1  47.2371 999.0000
 -50   80    1      1  47.2827 999.0000
 -50   90    1      1  47.2418 999.0000
 -50  100    1      1  46.9805 999.0000
 -50  110    1      1  46.6122 999.0000
 -50  120    1      1  46.0985 999.0000
 -50  130    1      1  45.4576 999.0000
 -50  140    1      1  44.8796 999.0000
 -50  150    1      1  44.2955 999.0000
 -50  160    1      1  43.7910 999.0000
 -50  170    1      1  43.4842 999.0000
 -50  180    1      1  43.2648 999.0000
 -40 -180    1      1  42.8094 999.0000
 -40 -170    1      1  42.4190 999.0000
 -40 -160    1      1  42.5754 999.0000
 -40 -150    1      1  43.0933 999.0000
 -40 -140    1      1  43.8675 999.0000
 -40 -130    1      1  45.0329 999.0000
 -40 -120    1      1  46.2609 999.0000
 -40 -110    1      1  46.9462 999.0000
 -40 -100    1      1  47.4499 999.0000
 -40  -90    1      1  47.5637 999.0000
 -40  -80    1      1  47.3692 999.0000
 -40  -70    1      1  47.0728 999.0000
 -40  -60    1      1  46.7439 999.0000
 -40  -50    1      1  46.1833 999.0000
 -40  -40    1      1  45.7428 999.0000
 -40  -30    1      1  44.7744 999.0000
 -40  -20    1      1  44.8096 999.0000
 -40  -10    1      1  44.5757 999.0000
 -40    0    1      1  44.6119 999.0000
 -40   10    1      1  45.1464 999.0000
 -40   20    1      1  45.1698 999.0000
 -40   30    1      1  45.9225 999.0000
 -40   40    1      1  46.4198 999.0000
 -40   50    1      1  47.1930 999.0000
 -40   60    1      1  48.2769 999.0000
 -40   70    1      1  48.2051 999.0000
 -40   80    1      1  47.9738 999.0000
 -40   90    1      1  47.6526 999.0000
 -40  100    1      1  47.1633 999.0000
 -40  110    1      1  46.7518 999.0000
 -40  120    1      1  46.1072 999.0000
 -40  130    1      1  45.5646 999.0000
 -40  140    1      1  45.0809 999.0000
 -40  150    1      1  44.4576 999.0000
 -40  160    1      1  43.7699 999.0000
 -40  170    1      1  43.2339 999.0000
 -40  180    1      1  42.8094 999.0000
 -30 -180    1      1  41.8169 999.0000
 -30 -170    1      1  41.8084 999.0000
 -30 -160    1      1  42.4572 999.0000
 -30 -150    1      1  44.0402 999.0000
 -30 -140    1      1  45.8564 999.0000
 -30 -130    1      1  47.2813 999.0000
 -30 -120    1      1  48.1323 999.0000
 -30 -110    1      1  48.4221 999.0000
 -30 -100    1      1  48.2199 999.0000
 -30  -90    1      1  47.5067 999.0000
 -30  -80    1      1  47.2883 999.0000
 -30  -70    1      1  46.9989 999.0000
 -30  -60    1      1  46.6881 999.0000
 -30  -50    1      1  46.3111 999.0000
 -30  -40    1      1  45.4736 999.0000
 -30  -30    1      1  44.8940 999.0000
 -30  -20    1      1  44.3979 999.0000
 -30  -10    1      1  44.4246 999.0000
 -30    0    1      1  44.8700 999.0000
 -30   10    1      1  44.8280 999.0000
 -30   20    1      1  45.2787 999.0000
 -30   30    1      1  46.5614 999.0000
 -30   40    1      1  47.2385 999.0000
 -30   50    1      1  48.4756 999.0000
 -30   60    1      1  49.0488 999.0000
 -30   70    1      1  48.9163 999.0000
 -30   80    1      1  48.3166 999.0000
 -30   90    1      1  47.7466 999.0000
 -30  100    1      1  47.1533 999.0000
 -30  110    1      1  46.4849 999.0000
 -30  120    1      1  45.9501 999.0000
 -30  130    1      1  45.4248 999.0000
 -30  140    1      1  44.7882 999.0000
 -30  150    1      1  43.9435 999.0000
 -30  160    1      1  43.2112 999.0000
 -30  170    1      1  42.4627 999.0000
 -30  180    1      1  41.8169 999.0000
 -20 -180    1      1  40.7677 999.0000
 -20 -170    1      1  41.4616 999.0000
 -20 -160    1      1  43.9234 999.0000
 -20 -150    1      1  47.6828 999.0000
 -20 -140    1      1  49.2610 999.0000
 -20 -130    1      1  49.6285 999.0000
 -20 -120    1      1  45.3569 999.0000
 -20 -110    1      1  45.6381 999.0000
 -20 -100    1      1  45.8810 999.0000
 -20  -90    1      1  46.2888 999.0000
 -20  -80    1      1  46.7013 999.0000
 -20  -70    1      1  46.7798 999.0000
 -20  -60    1      1  46.7917 999.0000
 -20  -50    1      1  46.2549 999.0000
 -20  -40    1      1  45.6804 999.0000
 -20  -30    1      1  45.2805 999.0000
 -20  -20    1      1  44.8898 999.0000
 -20  -10    1      1  44.8591 999.0000
 -20    0    1      1  43.7594 999.0000
 -20   10    1      1  42.2115 999.0000
 -20   20    1      1 999.0000 999.0000
 -20   30    1      1  45.1282 999.0000
 -20   40    1      1  47.1234 999.0000
 -20   50    1      1  48.1957 999.0000
 -20   60    1      1  48.5865 999.0000
 -20   70    1      1  48.2105 999.0000
 -20   80    1      1  47.7613 999.0000
 -20   90    1      1  47.4544 999.0000
 -20  100    1      1  46.8822 999.0000
 -20  110    1      1  46.2965 999.0000
 -20  120    1      1  45.6927 999.0000
 -20  130    1      1  45.0322 999.0000
 -20  140    1      1  44.1481 999.0000
 -20  150    1      1  43.2047 999.0000
 -20  160    1      1  42.1833 999.0000
 -20  170    1      1  41.2827 999.0000
 -20  180    1      1  40.7677 999.0000
 -10 -180    1      1  39.7348 999.0000
 -10 -170    1      1  42.1392 999.0000
 -10 -160    1      1  55.4978 999.0000
 -10 -150    1      1  42.1356 999.0000
 -10 -140    1      1  43.1463 999.0000
 -10 -130    1      1  43.9690 999.0000
 -10 -120    1      1  44.6139 999.0000
 -10 -110    1      1  45.2940 999.0000
 -10 -100    1      1  45.8850 999.0000
 -10  -90    1      1  46.3543 999.0000
 -10  -80    1      1  46.6868 999.0000
 -10  -70    1      1  46.9745 999.0000
 -10  -60    1      1  46.8062 999.0000
 -10  -50    1      1  46.5636 999.0000
 -10  -40    1      1  46.1541 999.0000
 -10  -30    1      1  45.8962 999.0000
 -10  -20    1      1  45.0507 999.0000
 -10  -10    1      1  43.3449 999.0000
 -10    0    1      1 999.0000 999.0000
 -10   10    1      1 999.0000 999.0000
 -10   20    1      1 999.0000 999.0000
 -10   30    1      1  45.5005 999.0000
 -10   40    1      1  47.3165 999.0000
 -10   50    1      1  48.0014 999.0000
 -10   60    1      1  47.9454 999.0000
 -10   70    1      1  47.7442 999.0000
 -10   80    1      1  47.3029 999.0000
 -10   90    1      1  47.0415 999.0000
 -10  100    1      1  46.5593 999.0000
 -10  110    1      1  45.9775 999.0000
 -10  120    1      1  45.3141 999.0000
 -10  130    1      1  44.4351 999.0000
 -10  140    1      1  43.3898 999.0000
 -10  150    1      1  42.3010 999.0000
 -10  160    1      1  41.0175 999.0000
 -10  170    1      1  40.0002 999.0000
 -10  180    1      1  39.7348 999.0000
   0 -180    1      1  39.6227 999.0000
   0 -170    1      1  38.5656 999.0000
   0 -160    1      1  40.0458 999.0000
   0 -150    1      1  41.6502 999.0000
   0 -140    1      1  42.8790 999.0000
   0 -130    1      1  43.8751 999.0000
   0 -120    1      1  44.7671 999.0000
   0 -110    1      1  45.5915 999.0000
   0 -100    1      1  46.2253 999.0000
   0  -90    1      1  46.6874 999.0000
   0  -80    1      1  46.9428 999.0000
   0  -70    1      1  47.1661 999.0000
   0  -60    1      1  47.3206 999.0000
   0  -50    1      1  47.2645 999.0000
   0  -40    1      1  46.9019 999.0000
   0  -30    1      1  45.4628 999.0000
   0  -20    1      1 999.0000 999.0000
   0  -10    1      1 999.0000 999.0000
   0    0    1      1 999.0000 999.0000
   0   10    1      1 999.0000 999.0000
   0   20    1      1 999.0000 999.0000
   0   30    1      1  45.4658 999.0000
   0   40    1      1  47.0026 999.0000
   0   50    1      1  47.2737 999.0000
   0   60    1      1  47.2873 999.0000
   0   70    1      1  47.1128 999.0000
   0   80    1      1  46.9555 999.0000
   0   90    1      1  46.7441 999.0000
   0  100    1      1  46.2204 999.0000
   0  110    1      1  45.5266 999.0000
   0  120    1      1  44.7422 999.0000
   0  130    1      1  43.9025 999.0000
   0  140    1      1  42.9618 999.0000
   0  150    1      1  41.7245 999.0000
   0  160    1      1  40.0650 999.0000
   0  170    1      1  38.8981 999.0000
   0  180    1      1  39.6227 999.0000
  10 -180    1      1  39.6555 999.0000
  10 -170    1      1  39.9296 999.0000
  10 -160    1      1  41.0498 999.0000
  10 -150    1      1  42.3007 999.0000
  10 -140    1      1  43.3496 999.0000
  10 -130    1      1  44.4326 999.0000
  10 -120    1      1  45.3702 999.0000
  10 -110    1      1  45.9547 999.0000
  10 -100    1      1  46.6258 999.0000
  10  -90    1      1  47.0524 999.0000
  10  -80    1      1  47.3096 999.0000
  10  -70    1      1  47.7016 999.0000
  10  -60    1      1  47.9460 999.0000
  10  -50    1      1  47.9664 999.0000
  10  -40    1      1  47.3153 999.0000
  10  -30    1      1 999.0000 999.0000
  10  -20    1      1 999.0000 999.0000
  10  -10    1      1 999.0000 999.0000
  10    0    1      1 999.0000 999.0000
  10   10    1      1  43.6972 999.0000
  10   20    1      1  45.2305 999.0000
  10   30    1      1  45.9107 999.0000
  10   40    1      1  46.1410 999.0000
  10   50    1      1  46.5644 999.0000
  10   60    1      1  46.8208 999.0000
  10   70    1      1  47.0127 999.0000
  10   80    1      1  46.6513 999.0000
  10   90    1      1  46.3475 999.0000
  10  100    1      1  45.7412 999.0000
  10  110    1      1  45.2654 999.0000
  10  120    1      1  44.6324 999.0000
  10  130    1      1  43.9172 999.0000
  10  140    1      1  43.1698 999.0000
  10  150    1      1  42.3054 999.0000
  10  160    1      1  40.7023 999.0000
  10  170    1      1  41.8896 999.0000
  10  180    1      1  39.6555 999.0000
  20 -180    1      1  40.7599 999.0000
  20 -170    1      1  41.1892 999.0000
  20 -160    1      1  42.2374 999.0000
  20 -150    1      1  43.2272 999.0000
  20 -140    1      1  44.1229 999.0000
  20 -130    1      1  45.0303 999.0000
  20 -120    1      1  45.7000 999.0000
  20 -110    1      1  46.2720 999.0000
  20 -100    1      1  46.8599 999.0000
  20  -90    1      1  47.4362 999.0000
  20  -80    1      1  47.7221 999.0000
  20  -70    1      1  48.2311 999.0000
  20  -60    1      1  48.5986 999.0000
  20  -50    1      1  48.4765 999.0000
  20  -40    1      1  47.6851 999.0000
  20  -30    1      1  44.8064 999.0000
  20  -20    1      1 999.0000 999.0000
  20  -10    1      1  43.7027 999.0000
  20    0    1      1  44.0179 999.0000
  20   10    1      1  44.8466 999.0000
  20   20    1      1  44.8977 999.0000
  20   30    1      1  45.3040 999.0000
  20   40    1      1  45.8917 999.0000
  20   50    1      1  46.3787 999.0000
  20   60    1      1  46.7479 999.0000
  20   70    1      1  46.8580 999.0000
  20   80    1      1  46.6930 999.0000
  20   90    1      1  46.3037 999.0000
  20  100    1      1  45.8572 999.0000
  20  110    1      1  45.6475 999.0000
  20  120    1      1  45.3410 999.0000
  20  130    1      1  45.1370 999.0000
  20  140    1      1  49.2416 999.0000
  20  150    1      1  47.6471 999.0000
  20  160    1      1  43.9960 999.0000
  20  170    1      1  41.4165 999.0000
  20  180    1      1  40.7599 999.0000
  30 -180    1      1  41.8707 999.0000
  30 -170    1      1  42.4166 999.0000
  30 -160    1      1  43.2593 999.0000
  30 -150    1      1  44.0396 999.0000
  30 -140    1      1  44.7327 999.0000
  30 -130    1      1  45.4116 999.0000
  30 -120    1      1  45.9941 999.0000
  30 -110    1      1  46.4855 999.0000
  30 -100    1      1  47.1055 999.0000
  30  -90    1      1  47.7025 999.0000
  30  -80    1      1  48.3313 999.0000
  30  -70    1      1  48.9555 999.0000
  30  -60    1      1  49.6163 999.0000
  30  -50    1      1  48.8813 999.0000
  30  -40    1      1  47.0478 999.0000
  30  -30    1      1  45.6330 999.0000
  30  -20    1      1  44.9593 999.0000
  30  -10    1      1  44.8265 999.0000
  30    0    1      1  44.8575 999.0000
  30   10    1      1  44.4603 999.0000
  30   20    1      1  44.3311 999.0000
  30   30    1      1  44.8879 999.0000
  30   40    1      1  45.4332 999.0000
  30   50    1      1  46.3184 999.0000
  30   60    1      1  46.6385 999.0000
  30   70    1      1  47.0614 999.0000
  30   80    1      1  47.2070 999.0000
  30   90    1      1  47.4844 999.0000
  30  100    1      1  48.1490 999.0000
  30  110    1      1  48.3924 999.0000
  30  120    1      1  48.1226 999.0000
  30  130    1      1  47.2811 999.0000
  30  140    1      1  45.7940 999.0000
  30  150    1      1  44.0914 999.0000
  30  160    1      1  42.4703 999.0000
  30  170    1      1  41.8026 999.0000
  30  180    1      1  41.8707 999.0000
  40 -180    1      1  42.7747 999.0000
  40 -170    1      1  43.2045 999.0000
  40 -160    1      1  43.7679 999.0000
  40 -150    1      1  44.3766 999.0000
  40 -140    1      1  45.0376 999.0000
  40 -130    1      1  45.5378 999.0000
  40 -120    1      1  46.2114 999.0000
  40 -110    1      1  46.6565 999.0000
  40 -100    1      1  47.1856 999.0000
  40  -90    1      1  47.6417 999.0000
  40  -80    1      1  48.0512 999.0000
  40  -70    1      1  48.2027 999.0000
  40  -60    1      1  48.1641 999.0000
  40  -50    1      1  47.5115 999.0000
  40  -40    1      1  46.3790 999.0000
  40  -30    1      1  46.0135 999.0000
  40  -20    1      1  45.2287 999.0000
  40  -10    1      1  45.0380 999.0000
  40    0    1      1  44.5934 999.0000
  40   10    1      1  44.6669 999.0000
  40   20    1      1  44.2721 999.0000
  40   30    1      1  44.7591 999.0000
  40   40    1      1  45.7297 999.0000
  40   50    1      1  46.1887 999.0000
  40   60    1      1  46.7601 999.0000
  40   70    1      1  47.0851 999.0000
  40   80    1      1  47.3366 999.0000
  40   90    1      1  47.5740 999.0000
  40  100    1      1  47.3496 999.0000
  40  110    1      1  47.0059 999.0000
  40  120    1      1  46.2270 999.0000
  40  130    1      1  44.9819 999.0000
  40  140    1      1  44.0048 999.0000
  40  150    1      1  43.0439 999.0000
  40  160    1      1  42.5138 999.0000
  40  170    1      1  42.4581 999.0000
  40  180    1      1  42.7747 999.0000
  50 -180    1      1  43.2251 999.0000
  50 -170    1      1  43.4777 999.0000
  50 -160    1      1  43.7953 999.0000
  50 -150    1      1  44.2984 999.0000
  50 -140    1      1  44.7814 999.0000
  50 -130    1      1  45.5121 999.0000
  50 -120    1      1  46.0758 999.0000
  50 -110    1      1  46.5738 999.0000
  50 -100    1      1  46.9878 999.0000
  50  -90    1      1  47.2393 999.0000
  50  -80    1      1  47.1891 999.0000
  50  -70    1      1  47.2852 999.0000
  50  -60    1      1  46.9989 999.0000
  50  -50    1      1  46.4548 999.0000
  50  -40    1      1  45.8888 999.0000
  50  -30    1      1  45.5816 999.0000
  50  -20    1      1  45.2961 999.0000
  50  -10    1      1  44.8753 999.0000
  50    0    1      1  44.5982 999.0000
  50   10    1      1  43.9496 999.0000
  50   20    1      1  44.0865 999.0000
  50   30    1      1  45.1544 999.0000
  50   40    1      1  45.6403 999.0000
  50   50    1      1  46.2058 999.0000
  50   60    1      1  46.5821 999.0000
  50   70    1      1  46.8840 999.0000
  50   80    1      1  46.9425 999.0000
  50   90    1      1  46.8549 999.0000
  50  100    1      1  46.2477 999.0000
  50  110    1      1  45.5024 999.0000
  50  120    1      1  44.6464 999.0000
  50  130    1      1  43.9288 999.0000
  50  140    1      1  43.4277 999.0000
  50  150    1      1  42.9953 999.0000
  50  160    1      1  42.8698 999.0000
  50  170    1      1  42.9994 999.0000
  50  180    1      1  43.2251 999.0000
  60 -180    1      1  42.9949 999.0000
  60 -170    1      1  43.1137 999.0000
  60 -160    1      1  43.5667 999.0000
  60 -150    1      1  43.9887 999.0000
  60 -140    1      1  44.6107 999.0000
  60 -130    1      1  45.2375 999.0000
  60 -120    1      1  45.7024 999.0000
  60 -110    1      1  46.1504 999.0000
  60 -100    1      1  46.4179 999.0000
  60  -90    1      1  46.6186 999.0000
  60  -80    1      1  46.4031 999.0000
  60  -70    1      1  46.1271 999.0000
  60  -60    1      1  46.0325 999.0000
  60  -50    1      1  45.7889 999.0000
  60  -40    1      1  45.5618 999.0000
  60  -30    1      1  45.1955 999.0000
  60  -20    1      1  44.9221 999.0000
  60  -10    1      1  44.1804 999.0000
  60    0    1      1  43.7444 999.0000
  60   10    1      1  43.6023 999.0000
  60   20    1      1  44.7211 999.0000
  60   30    1      1  45.0200 999.0000
  60   40    1      1  45.4674 999.0000
  60   50    1      1  45.9776 999.0000
  60   60    1      1  46.3534 999.0000
  60   70    1      1  46.4096 999.0000
  60   80    1      1  46.2634 999.0000
  60   90    1      1  45.9838 999.0000
  60  100    1      1  45.2767 999.0000
  60  110    1      1  44.6098 999.0000
  60  120    1      1  43.9506 999.0000
  60  130    1      1  43.5965 999.0000
  60  140    1      1  43.2530 999.0000
  60  150    1      1  43.0344 999.0000
  60  160    1      1  42.9886 999.0000
  60  170    1      1  42.9555 999.0000
  60  180    1      1  42.9949 999.0000
  70 -180    1      1  42.6140 999.0000
  70 -170    1      1  42.8093 999.0000
  70 -160    1      1  43.1693 999.0000
  70 -150    1      1  43.6795 999.0000
  70 -140    1      1  44.2273 999.0000
  70 -130    1      1  44.7846 999.0000
  70 -120    1      1  45.2780 999.0000
  70 -110    1      1  45.6360 999.0000
  70 -100    1      1  45.8329 999.0000
  70  -90    1      1  45.9111 999.0000
  70  -80    1      1  45.8722 999.0000
  70  -70    1      1  44.2012 999.0000
  70  -60    1      1  44.2717 999.0000
  70  -50    1      1  44.0531 999.0000
  70  -40    1      1  44.5717 999.0000
  70  -30    1      1  44.3836 999.0000
  70  -20    1      1  44.2219 999.0000
  70  -10    1      1  43.7579 999.0000
  70    0    1      1  44.3590 999.0000
  70   10    1      1  44.3258 999.0000
  70   20    1      1  44.5166 999.0000
  70   30    1      1  44.7151 999.0000
  70   40    1      1  45.1039 999.0000
  70   50    1      1  45.4848 999.0000
  70   60    1      1  45.7059 999.0000
  70   70    1      1  45.7558 999.0000
  70   80    1      1  45.5507 999.0000
  70   90    1      1  45.0720 999.0000
  70  100    1      1  44.5615 999.0000
  70  110    1      1  44.1549 999.0000
  70  120    1      1  43.4772 999.0000
  70  130    1      1  43.1731 999.0000
  70  140    1      1  42.9962 999.0000
  70  150    1      1  42.7254 999.0000
  70  160    1      1  42.7268 999.0000
  70  170    1      1  42.6082 999.0000
  70  180    1      1  42.6140 999.0000
  80 -180    1      1  42.2040 999.0000
  80 -170    1      1  42.3756 999.0000
  80 -160    1      1  42.6738 999.0000
  80 -150    1      1  43.1249 999.0000
  80 -140    1      1  43.6496 999.0000
  80 -130    1      1  44.2752 999.0000
  80 -120    1      1  44.6949 999.0000
  80 -110    1      1  45.0178 999.0000
  80 -100    1      1  45.1226 999.0000
  80  -90    1      1  45.3545 999.0000
  80  -80    1      1  45.3796 999.0000
  80  -70    1      1  43.8464 999.0000
  80  -60    1      1  44.1266 999.0000
  80  -50    1      1  44.0600 999.0000
  80  -40    1      1  44.2286 999.0000
  80  -30    1      1  44.0184 999.0000
  80  -20    1      1  43.7000 999.0000
  80  -10    1      1  44.3135 999.0000
  80    0    1      1  43.9688 999.0000
  80   10    1      1  43.9498 999.0000
  80   20    1      1  43.9332 999.0000
  80   30    1      1  44.1619 999.0000
  80   40    1      1  44.4958 999.0000
  80   50    1      1  44.8222 999.0000
  80   60    1      1  44.9327 999.0000
  80   70    1      1  45.0632 999.0000
  80   80    1      1  44.8640 999.0000
  80   90    1      1  44.4250 999.0000
  80  100    1      1  44.0008 999.0000
  80  110    1      1  43.7139 999.0000
  80  120    1      1  43.1816 999.0000
  80  130    1      1  42.9442 999.0000
  80  140    1      1  42.7336 999.0000
  80  150    1      1  42.5101 999.0000
  80  160    1      1  42.2434 999.0000
  80  170    1      1  42.1763 999.0000
  80  180    1      1  42.2040 999.0000
  90 -180    1      1  41.6386 999.0000
  90 -170    1      1  41.7464 999.0000
  90 -160    1      1  41.9332 999.0000
  90 -150    1      1  42.4495 999.0000
  90 -140    1      1  42.9674 999.0000
  90 -130    1      1  43.4551 999.0000
  90 -120    1      1  43.8909 999.0000
  90 -110    1      1  44.2778 999.0000
  90 -100    1      1  44.5415 999.0000
  90  -90    1      1  44.7300 999.0000
  90  -80    1      1  45.0147 999.0000
  90  -70    1      1  44.9332 999.0000
  90  -60    1      1  43.6978 999.0000
  90  -50    1      1  43.8577 999.0000
  90  -40    1      1  43.8768 999.0000
  90  -30    1      1  44.6945 999.0000
  90  -20    1      1  44.2161 999.0000
  90  -10    1      1  43.8392 999.0000
  90    0    1      1  43.3874 999.0000
  90   10    1      1  43.2019 999.0000
  90   20    1      1  43.1959 999.0000
  90   30    1      1  43.4670 999.0000
  90   40    1      1  43.7933 999.0000
  90   50    1      1  44.1075 999.0000
  90   60    1      1  44.2460 999.0000
  90   70    1      1  44.4170 999.0000
  90   80    1      1  44.3251 999.0000
  90   90    1      1  44.0550 999.0000
  90  100    1      1  43.6506 999.0000
  90  110    1      1  43.3965 999.0000
  90  120    1      1  42.9887 999.0000
  90  130    1      1  42.6196 999.0000
  90  140    1      1  42.3505 999.0000
  90  150    1      1  42.1940 999.0000
  90  160    1      1  41.8239 999.0000
  90  170    1      1  41.5904 999.0000
  90  180    1      1  41.6386 999.0000
 100 -180    1      1  41.1064 999.0000
 100 -170    1      1  41.2312 999.0000
 100 -160    1      1  41.3966 999.0000
 100 -150    1      1  41.8498 999.0000
 100 -140    1      1  42.2331 999.0000
 100 -130    1      1  42.8125 999.0000
 100 -120    1      1  43.3265 999.0000
 100 -110    1      1  43.6381 999.0000
 100 -100    1      1  43.8986 999.0000
 100  -90    1      1  44.2848 999.0000
 100  -80    1      1  44.5256 999.0000
 100  -70    1      1  44.4661 999.0000
 100  -60    1      1  44.6714 999.0000
 100  -50    1      1  44.6767 999.0000
 100  -40    1      1  44.4349 999.0000
 100  -30    1      1  44.1271 999.0000
 100  -20    1      1  43.7295 999.0000
 100  -10    1      1  43.1969 999.0000
 100    0    1      1  42.8518 999.0000
 100   10    1      1  42.6344 999.0000
 100   20    1      1  42.5654 999.0000
 100   30    1      1  42.8819 999.0000
 100   40    1      1  43.1512 999.0000
 100   50    1      1  43.5698 999.0000
 100   60    1      1  43.7682 999.0000
 100   70    1      1  44.0443 999.0000
 100   80    1      1  43.9938 999.0000
 100   90    1      1  43.7586 999.0000
 100  100    1      1  43.5858 999.0000
 100  110    1      1  43.1332 999.0000
 100  120    1      1  42.7593 999.0000
 100  130    1      1  42.5272 999.0000
 100  140    1      1  42.0235 999.0000
 100  150    1      1  41.7922 999.0000
 100  160    1      1  41.4882 999.0000
 100  170    1      1  41.2801 999.0000
 100  180    1      1  41.1064 999.0000
 110 -180    1      1  40.7496 999.0000
 110 -170    1      1  40.8128 999.0000
 110 -160    1      1  40.8825 999.0000
 110 -150    1      1  41.2348 999.0000
 110 -140    1      1  41.7871 999.0000
 110 -130    1      1  42.3839 999.0000
 110 -120    1      1  42.9264 999.0000
 110 -110    1      1  43.3309 999.0000
 110 -100    1      1  43.5932 999.0000
 110  -90    1      1  43.9749 999.0000
 110  -80    1      1  44.1086 999.0000
 110  -70    1      1  44.2260 999.0000
 110  -60    1      1  44.3852 999.0000
 110  -50    1      1  44.2744 999.0000
 110  -40    1      1  43.9317 999.0000
 110  -30    1      1  43.6446 999.0000
 110  -20    1      1  43.2141 999.0000
 110  -10    1      1  42.7200 999.0000
 110    0    1      1  42.3575 999.0000
 110   10    1      1  42.0698 999.0000
 110   20    1      1  42.1599 999.0000
 110   30    1      1  42.4233 999.0000
 110   40    1      1  42.8361 999.0000
 110   50    1      1  43.2687 999.0000
 110   60    1      1  43.6305 999.0000
 110   70    1      1  43.9810 999.0000
 110   80    1      1  43.9774 999.0000
 110   90    1      1  43.9385 999.0000
 110  100    1      1  43.5384 999.0000
 110  110    1      1  43.2500 999.0000
 110  120    1      1  42.8868 999.0000
 110  130    1      1  42.6029 999.0000
 110  140    1      1  42.1140 999.0000
 110  150    1      1  41.7160 999.0000
 110  160    1      1  41.3861 999.0000
 110  170    1      1  41.0336 999.0000
 110  180    1      1  40.7496 999.0000
 120 -180    1      1  40.7815 999.0000
 120 -170    1      1  40.6251 999.0000
 120 -160    1      1  40.8094 999.0000
 120 -150    1      1  41.1541 999.0000
 120 -140    1      1  41.7093 999.0000
 120 -130    1      1  42.2919 999.0000
 120 -120    1      1  42.8701 999.0000
 120 -110    1      1  43.4304 999.0000
 120 -100    1      1  43.7470 999.0000
 120  -90    1      1  44.0136 999.0000
 120  -80    1      1  44.1403 999.0000
 120  -70    1      1  44.1907 999.0000
 120  -60    1      1  44.2287 999.0000
 120  -50    1      1  44.0037 999.0000
 120  -40    1      1  43.7105 999.0000
 120  -30    1      1  43.4302 999.0000
 120  -20    1      1  43.0533 999.0000
 120  -10    1      1  42.5171 999.0000
 120    0    1      1  42.1227 999.0000
 120   10    1      1  41.9406 999.0000
 120   20    1      1  41.9936 999.0000
 120   30    1      1  42.3934 999.0000
 120   40    1      1  42.8703 999.0000
 120   50    1      1  43.4804 999.0000
 120   60    1      1  43.8658 999.0000
 120   70    1      1  44.1869 999.0000
 120   80    1      1  44.1846 999.0000
 120   90    1      1  44.1597 999.0000
 120  100    1      1  43.9060 999.0000
 120  110    1      1  43.5416 999.0000
 120  120    1      1  43.1791 999.0000
 120  130    1      1  42.8207 999.0000
 120  140    1      1  42.2986 999.0000
 120  150    1      1  41.9087 999.0000
 120  160    1      1  41.4557 999.0000
 120  170    1      1  41.1500 999.0000
 120  180    1      1  40.7815 999.0000
 130 -180    1      1  41.0323 999.0000
 130 -170    1      1  40.8477 999.0000
 130 -160    1      1  41.0897 999.0000
 130 -150    1      1  41.5311 999.0000
 130 -140    1      1  42.0888 999.0000
 130 -130    1      1  42.7347 999.0000
 130 -120    1      1  43.2823 999.0000
 130 -110    1      1  43.8006 999.0000
 130 -100    1      1  44.1893 999.0000
 130  -90    1      1  44.3806 999.0000
 130  -80    1      1  44.5362 999.0000
 130  -70    1      1  44.5555 999.0000
 130  -60    1      1  44.5728 999.0000
 130  -50    1      1  44.3834 999.0000
 130  -40    1      1  44.0673 999.0000
 130  -30    1      1  43.6586 999.0000
 130  -20    1      1  43.1775 999.0000
 130  -10    1      1  42.7902 999.0000
 130    0    1      1  42.3514 999.0000
 130   10    1      1  42.1668 999.0000
 130   20    1      1  42.2047 999.0000
 130   30    1      1  42.6887 999.0000
 130   40    1      1  43.3190 999.0000
 130   50    1      1  43.9678 999.0000
 130   60    1      1  44.4319 999.0000
 130   70    1      1  44.7048 999.0000
 130   80    1      1  44.7591 999.0000
 130   90    1      1  44.5826 999.0000
 130  100    1      1  44.3706 999.0000
 130  110    1      1  44.1138 999.0000
 130  120    1      1  43.7599 999.0000
 130  130    1      1  43.2214 999.0000
 130  140    1      1  42.9441 999.0000
 130  150    1      1  42.4604 999.0000
 130  160    1      1  41.8835 999.0000
 130  170    1      1  41.5225 999.0000
 130  180    1      1  41.0323 999.0000
 140 -180    1      1  41.6429 999.0000
 140 -170    1      1  41.4504 999.0000
 140 -160    1      1  41.7698 999.0000
 140 -150    1      1  42.1866 999.0000
 140 -140    1      1  42.8260 999.0000
 140 -130    1      1  43.5943 999.0000
 140 -120    1      1  44.1086 999.0000
 140 -110    1      1  44.6105 999.0000
 140 -100    1      1  44.9726 999.0000
 140  -90    1      1  45.1246 999.0000
 140  -80    1      1  45.1726 999.0000
 140  -70    1      1  45.1796 999.0000
 140  -60    1      1  45.0994 999.0000
 140  -50    1      1  44.9162 999.0000
 140  -40    1      1  44.5136 999.0000
 140  -30    1      1  44.1675 999.0000
 140  -20    1      1  43.7552 999.0000
 140  -10    1      1  43.2454 999.0000
 140    0    1      1  42.9158 999.0000
 140   10    1      1  42.5483 999.0000
 140   20    1      1  42.8463 999.0000
 140   30    1      1  43.3995 999.0000
 140   40    1      1  44.0752 999.0000
 140   50    1      1  44.7974 999.0000
 140   60    1      1  45.2105 999.0000
 140   70    1      1  45.5886 999.0000
 140   80    1      1  45.4336 999.0000
 140   90    1      1  45.3465 999.0000
 140  100    1      1  45.2082 999.0000
 140  110    1      1  44.7682 999.0000
 140  120    1      1  44.4878 999.0000
 140  130    1      1  44.1570 999.0000
 140  140    1      1  43.6097 999.0000
 140  150    1      1  43.1989 999.0000
 140  160    1      1  42.6626 999.0000
 140  170    1      1  42.0829 999.0000
 140  180    1      1  41.6429 999.0000
 150 -180    1      1  42.3727 999.0000
 150 -170    1      1  42.2060 999.0000
 150 -160    1      1  42.6274 999.0000
 150 -150    1      1  43.1231 999.0000
 150 -140    1      1  43.7538 999.0000
 150 -130    1      1  44.5575 999.0000
 150 -120    1      1  45.1146 999.0000
 150 -110    1      1  45.4611 999.0000
 150 -100    1      1  45.7884 999.0000
 150  -90    1      1  45.9535 999.0000
 150  -80    1      1  45.9823 999.0000
 150  -70    1      1  45.9194 999.0000
 150  -60    1      1  45.9017 999.0000
 150  -50    1      1  45.7142 999.0000
 150  -40    1      1  45.3254 999.0000
 150  -30    1      1  44.8790 999.0000
 150  -20    1      1  44.4346 999.0000
 150  -10    1      1  43.8740 999.0000
 150    0    1      1  43.4118 999.0000
 150   10    1      1  43.3998 999.0000
 150   20    1      1  43.6250 999.0000
 150   30    1      1  44.2715 999.0000
 150   40    1      1  45.0685 999.0000
 150   50    1      1  45.7163 999.0000
 150   60    1      1  46.1054 999.0000
 150   70    1      1  46.3469 999.0000
 150   80    1      1  46.3768 999.0000
 150   90    1      1  46.2805 999.0000
 150  100    1      1  46.0549 999.0000
 150  110    1      1  45.7377 999.0000
 150  120    1      1  45.3845 999.0000
 150  130    1      1  45.0339 999.0000
 150  140    1      1  44.5597 999.0000
 150  150    1      1  43.8966 999.0000
 150  160    1      1  43.3129 999.0000
 150  170    1      1  42.7482 999.0000
 150  180    1      1  42.3727 999.0000
 160 -180    1      1  43.0700 999.0000
 160 -170    1      1  43.0904 999.0000
 160 -160    1      1  43.3942 999.0000
 160 -150    1      1  44.0384 999.0000
 160 -140    1      1  44.8009 999.0000
 160 -130    1      1  45.4427 999.0000
 160 -120    1      1  45.9666 999.0000
 160 -110    1      1  46.3259 999.0000
 160 -100    1      1  46.6203 999.0000
 160  -90    1      1  46.7208 999.0000
 160  -80    1      1  46.8300 999.0000
 160  -70    1      1  46.6954 999.0000
 160  -60    1      1  46.6068 999.0000
 160  -50    1      1  46.3950 999.0000
 160  -40    1      1  46.0591 999.0000
 160  -30    1      1  45.6451 999.0000
 160  -20    1      1  45.0608 999.0000
 160  -10    1      1  44.4618 999.0000
 160    0    1      1  44.0171 999.0000
 160   10    1      1  43.9780 999.0000
 160   20    1      1  44.4246 999.0000
 160   30    1      1  45.2125 999.0000
 160   40    1      1  45.9070 999.0000
 160   50    1      1  46.4804 999.0000
 160   60    1      1  46.9329 999.0000
 160   70    1      1  47.0382 999.0000
 160   80    1      1  47.0317 999.0000
 160   90    1      1  47.0204 999.0000
 160  100    1      1  46.7188 999.0000
 160  110    1      1  46.5532 999.0000
 160  120    1      1  46.1983 999.0000
 160  130    1      1  45.7238 999.0000
 160  140    1      1  45.2373 999.0000
 160  150    1      1  44.6936 999.0000
 160  160    1      1  43.9565 999.0000
 160  170    1      1  43.4169 999.0000
 160  180    1      1  43.0700 999.0000
 170 -180    1      1  43.5519 999.0000
 170 -170    1      1  43.5838 999.0000
 170 -160    1      1  44.0479 999.0000
 170 -150    1      1  44.7523 999.0000
 170 -140    1      1  45.4449 999.0000
 170 -130    1      1  46.0731 999.0000
 170 -120    1      1  46.5406 999.0000
 170 -110    1      1  47.0240 999.0000
 170 -100    1      1  47.2445 999.0000
 170  -90    1      1  47.3038 999.0000
 170  -80    1      1  47.3505 999.0000
 170  -70    1      1  47.2144 999.0000
 170  -60    1      1  47.1657 999.0000
 170  -50    1      1  46.9759 999.0000
 170  -40    1      1  46.6143 999.0000
 170  -30    1      1  46.0520 999.0000
 170  -20    1      1  45.3877 999.0000
 170  -10    1      1  44.7731 999.0000
 170    0    1      1  44.3510 999.0000
 170   10    1      1  44.5754 999.0000
 170   20    1      1  45.0834 999.0000
 170   30    1      1  45.7792 999.0000
 170   40    1      1  46.4857 999.0000
 170   50    1      1  47.0033 999.0000
 170   60    1      1  47.3017 999.0000
 170   70    1      1  47.4233 999.0000
 170   80    1      1  47.4568 999.0000
 170   90    1      1  47.4001 999.0000
 170  100    1      1  47.3053 999.0000
 170  110    1      1  47.0583 999.0000
 170  120    1      1  46.7491 999.0000
 170  130    1      1  46.2816 999.0000
 170  140    1      1  45.7922 999.0000
 170  150    1      1  45.0446 999.0000
 170  160    1      1  44.4024 999.0000
 170  170    1      1  43.7878 999.0000
 170  180    1      1  43.5519 999.0000
 180 -180    1      1  44.0367 999.0000
 180 -170    1      1  43.7811 999.0000
 180 -160    1      1  44.3641 999.0000
 180 -150    1      1  45.1288 999.0000
 180 -140    1      1  45.7611 999.0000
 180 -130    1      1  46.4963 999.0000
 180 -120    1      1  46.8383 999.0000
 180 -110    1      1  47.2753 999.0000
 180 -100    1      1  47.3581 999.0000
 180  -90    1      1  47.5393 999.0000
 180  -80    1      1  47.5363 999.0000
 180  -70    1      1  47.4577 999.0000
 180  -60    1      1  47.3869 999.0000
 180  -50    1      1  47.2614 999.0000
 180  -40    1      1  46.7800 999.0000
 180  -30    1      1  46.1936 999.0000
 180  -20    1      1  45.4035 999.0000
 180  -10    1      1  44.7658 999.0000
 180    0    1      1  44.4974 999.0000
 180   10    1      1  44.7546 999.0000
 180   20    1      1  45.4031 999.0000
 180   30    1      1  46.1837 999.0000
 180   40    1      1  46.7586 999.0000
 180   50    1      1  47.3059 999.0000
 180   60    1      1  47.4232 999.0000
 180   70    1      1  47.4440 999.0000
 180   80    1      1  47.5575 999.0000
 180   90    1      1  47.4994 999.0000
 180  100    1      1  47.3429 999.0000
 180  110    1      1  47.2370 999.0000
 180  120    1      1  46.8406 999.0000
 180  130    1      1  46.4777 999.0000
 180  140    1      1  45.7615 999.0000
 180  150    1      1  45.1346 999.0000
 180  160    1      1  44.3518 999.0000
 180  170    1      1  43.8840 999.0000
 180  180    1      1  44.0367 999.0000
