-180 -180    1      1  51.9508  14.8606
-180 -170    1      1  51.7580  14.8502
-180 -160    1      1  51.7543  14.7558
-180 -150    1      1  51.7794  14.2729
-180 -140    1      1  51.8402  13.7065
-180 -130    1      1  51.7646  12.9917
-180 -120    1      1  51.9294  12.6689
-180 -110    1      1  52.3014  12.9440
-180 -100    1      1  53.0236  13.5946
-180  -90    1      1  53.8724  14.2510
-180  -80    1      1  54.9290  14.5344
-180  -70    1      1  55.7703  14.5238
-180  -60    1      1  56.1888  14.6161
-180  -50    1      1  56.1930  14.5208
-180  -40    1      1  55.7903  14.4608
-180  -30    1      1  54.9503  14.4761
-180  -20    1      1  54.0574  14.4913
-180  -10    1      1  53.2258  14.2695
-180    0    1      1  52.7245  13.7293
-180   10    1      1  52.6724  13.2365
-180   20    1      1  52.8336  12.5993
-180   30    1      1  52.7908  12.1164
-180   40    1      1  52.7200  11.8920
-180   50    1      1  52.5105  11.7954
-180   60    1      1  52.4171  11.7568
-180   70    1      1  52.4228  11.7470
-180   80    1      1  52.9348  11.7289
-180   90    1      1  53.5223  12.0436
-180  100    1      1  54.2440  12.3270
-180  110    1      1  54.7441  12.8457
-180  120    1      1  54.9992  13.2922
-180  130    1      1  54.9667  13.6768
-180  140    1      1  54.6218  14.0999
-180  150    1      1  54.0070  14.3255
-180  160    1      1  53.2053  14.6272
-180  170    1      1  52.4056  14.8440
-180  180    1      1  51.9508  14.8606
-170 -180    1      1  51.6054  16.2675
-170 -170    1      1  51.4585  16.1459
-170 -160    1      1  51.4739  16.1341
-170 -150    1      1  51.4500  15.6338
-170 -140    1      1  51.4353  14.9834
-170 -130    1      1  51.4171  14.3111
-170 -120    1      1  51.5231  14.0329
-170 -110    1      1  51.9491  14.3003
-170 -100    1      1  52.5531  14.9372
-170  -90    1      1  53.4365  15.5518
-170  -80    1      1  54.3679  15.9288
-170  -70    1      1  55.1882  16.0938
-170  -60    1      1  55.7414  16.0510
-170  -50    1      1  55.6947  16.1531
-170  -40    1      1  55.2073  16.1728
-170  -30    1      1  54.4090  16.1494
-170  -20    1      1  53.4589  16.0012
-170  -10    1      1  52.7348  15.6990
-170    0    1      1  52.4587  15.2913
-170   10    1      1  52.3956  14.7717
-170   20    1      1  52.5473  14.2552
-170   30    1      1  52.4279  13.7265
-170   40    1      1  52.2650  13.2956
-170   50    1      1  52.0333  13.2103
-170   60    1      1  51.8930  13.1488
-170   70    1      1  51.9583  13.1711
-170   80    1      1  52.4278  13.2457
-170   90    1      1  53.0142  13.4527
-170  100    1      1  53.7734  13.8652
-170  110    1      1  54.2035  14.3782
-170  120    1      1  54.5905  14.8338
-170  130    1      1  54.4075  15.2237
-170  140    1      1  54.0630  15.6126
-170  150    1      1  53.3229  15.8981
-170  160    1      1  52.6851  16.1712
-170  170    1      1  51.9431  16.2366
-170  180    1      1  51.6054  16.2675
-160 -180    1      1  50.9483  17.7256
-160 -170    1      1  51.0128  17.5765
-160 -160    1      1  50.9522  17.4978
-160 -150    1      1  50.9498  17.1268
-160 -140    1      1  50.8678  16.3495
-160 -130    1      1  50.7664  15.7525
-160 -120    1      1  50.8272  15.3595
-160 -110    1      1  51.1234  15.8068
-160 -100    1      1  51.7111  16.3979
-160  -90    1      1  52.6049  17.1557
-160  -80    1      1  53.7478  17.4363
-160  -70    1      1  54.5853  17.6437
-160  -60    1      1  54.9244  17.7838
-160  -50    1      1  54.9299  17.8364
-160  -40    1      1  54.3708  17.8195
-160  -30    1      1  53.5545  17.7458
-160  -20    1      1  52.6456  17.5762
-160  -10    1      1  52.1024  17.2810
-160    0    1      1  51.9276  16.8926
-160   10    1      1  51.9863  16.3900
-160   20    1      1  52.0089  15.8343
-160   30    1      1  52.0493  15.3706
-160   40    1      1  51.6742  14.8902
-160   50    1      1  51.4165  14.7888
-160   60    1      1  51.1637  14.6663
-160   70    1      1  51.2178  14.6437
-160   80    1      1  51.5505  14.7607
-160   90    1      1  52.2931  15.0665
-160  100    1      1  52.9555  15.4201
-160  110    1      1  53.4491  15.9767
-160  120    1      1  53.6818  16.4370
-160  130    1      1  53.5677  16.8970
-160  140    1      1  53.1564  17.1774
-160  150    1      1  52.4489  17.5121
-160  160    1      1  51.7939  17.6411
-160  170    1      1  51.2412  17.6984
-160  180    1      1  50.9483  17.7256
-150 -180    1      1  50.1701  18.8429
-150 -170    1      1  50.1570  18.7788
-150 -160    1      1  50.1731  18.6703
-150 -150    1      1  50.1240  18.2919
-150 -140    1      1  49.9232  17.5390
-150 -130    1      1  49.8574  16.8939
-150 -120    1      1  49.7686  16.5814
-150 -110    1      1  50.1964  17.0585
-150 -100    1      1  50.7583  17.6630
-150  -90    1      1  51.6870  18.3655
-150  -80    1      1  52.6676  18.7748
-150  -70    1      1  53.4666  19.0464
-150  -60    1      1  53.9358  19.0532
-150  -50    1      1  53.8939  19.0711
-150  -40    1      1  53.4252  19.1304
-150  -30    1      1  52.4933  18.9338
-150  -20    1      1  51.8108  18.7227
-150  -10    1      1  51.4016  18.5718
-150    0    1      1  51.3623  18.2712
-150   10    1      1  51.3599  17.7800
-150   20    1      1  51.3968  17.1810
-150   30    1      1  51.1301  16.6015
-150   40    1      1  50.7985  16.2028
-150   50    1      1  50.4896  16.0091
-150   60    1      1  50.2497  15.9536
-150   70    1      1  50.1420  15.8650
-150   80    1      1  50.5593  16.0316
-150   90    1      1  51.1856  16.3591
-150  100    1      1  51.7741  16.7188
-150  110    1      1  52.3771  17.2044
-150  120    1      1  52.4981  17.7381
-150  130    1      1  52.4465  18.1833
-150  140    1      1  51.9126  18.4793
-150  150    1      1  51.3705  18.7125
-150  160    1      1  50.8284  18.8769
-150  170    1      1  50.4105  18.9346
-150  180    1      1  50.1701  18.8429
-140 -180    1      1  49.1832  19.5348
-140 -170    1      1  49.2832  19.5470
-140 -160    1      1  49.3936  19.3177
-140 -150    1      1  49.2076  18.9275
-140 -140    1      1  49.0778  18.2955
-140 -130    1      1  48.9558  17.6561
-140 -120    1      1  48.6124  17.3451
-140 -110    1      1  49.1843  17.6883
-140 -100    1      1  49.7292  18.3971
-140  -90    1      1  50.7211  19.0833
-140  -80    1      1  51.6199  19.4320
-140  -70    1      1  52.4388  19.7331
-140  -60    1      1  52.8676  19.7978
-140  -50    1      1  52.9041  19.7171
-140  -40    1      1  52.3731  19.7208
-140  -30    1      1  51.6270  19.6737
-140  -20    1      1  51.0701  19.6004
-140  -10    1      1  50.6833  19.3397
-140    0    1      1  50.6420  19.1074
-140   10    1      1  50.5769  18.5342
-140   20    1      1  50.4846  17.9758
-140   30    1      1  50.3074  17.4424
-140   40    1      1  49.8428  17.0029
-140   50    1      1  49.4166  16.8551
-140   60    1      1  49.1660  16.5917
-140   70    1      1  49.0052  16.6373
-140   80    1      1  49.3462  16.7920
-140   90    1      1  49.8877  17.0624
-140  100    1      1  50.5335  17.4536
-140  110    1      1  50.9715  17.9392
-140  120    1      1  51.0964  18.4164
-140  130    1      1  51.0054  18.8923
-140  140    1      1  50.6278  19.2261
-140  150    1      1  50.2231  19.4195
-140  160    1      1  49.8079  19.5557
-140  170    1      1  49.3198  19.6318
-140  180    1      1  49.1832  19.5348
-130 -180    1      1  48.6914  19.8053
-130 -170    1      1  48.6463  19.7159
-130 -160    1      1  48.6098  19.5860
-130 -150    1      1  48.3197  19.1860
-130 -140    1      1  48.0708  18.5225
-130 -130    1      1  48.0171  17.8456
-130 -120    1      1  47.7864  17.6447
-130 -110    1      1  48.1711  17.9173
-130 -100    1      1  48.8524  18.6481
-130  -90    1      1  49.7696  19.2730
-130  -80    1      1  50.6492  19.7103
-130  -70    1      1  51.4782  19.9240
-130  -60    1      1  51.8817  20.0274
-130  -50    1      1  51.8118  19.9311
-130  -40    1      1  51.4490  19.9054
-130  -30    1      1  50.7659  19.9144
-130  -20    1      1  50.2798  19.8140
-130  -10    1      1  49.9991  19.7903
-130    0    1      1  49.9534  19.4278
-130   10    1      1  49.8268  18.8683
-130   20    1      1  49.8196  18.1883
-130   30    1      1  49.5585  17.5809
-130   40    1      1  49.0297  17.2201
-130   50    1      1  48.4988  17.0160
-130   60    1      1  48.4114  16.8173
-130   70    1      1  48.0890  16.9207
-130   80    1      1  48.3481  17.0294
-130   90    1      1  48.8991  17.2755
-130  100    1      1  49.4498  17.6636
-130  110    1      1  49.8022  18.0872
-130  120    1      1  49.8929  18.5911
-130  130    1      1  49.8905  18.9935
-130  140    1      1  49.6886  19.4384
-130  150    1      1  49.1590  19.6499
-130  160    1      1  48.8174  19.6623
-130  170    1      1  48.6305  19.7868
-130  180    1      1  48.6914  19.8053
-120 -180    1      1  48.2121  19.5994
-120 -170    1      1  48.1492  19.6375
-120 -160    1      1  48.0855  19.3806
-120 -150    1      1  47.6865  18.9600
-120 -140    1      1  47.2980  18.3284
-120 -130    1      1  47.1264  17.7130
-120 -120    1      1  47.0262  17.5072
-120 -110    1      1  47.3680  17.7166
-120 -100    1      1  47.9892  18.4630
-120  -90    1      1  48.9166  19.1357
-120  -80    1      1  49.9508  19.4819
-120  -70    1      1  50.7450  19.7458
-120  -60    1      1  51.1078  19.7820
-120  -50    1      1  51.1170  19.7177
-120  -40    1      1  50.7194  19.7346
-120  -30    1      1  50.2542  19.6582
-120  -20    1      1  49.9126  19.7073
-120  -10    1      1  49.6422  19.5117
-120    0    1      1  49.4780  19.2064
-120   10    1      1  49.5374  18.6401
-120   20    1      1  49.4353  18.0872
-120   30    1      1  48.9893  17.4276
-120   40    1      1  48.5029  17.0445
-120   50    1      1  48.0004  16.8331
-120   60    1      1  47.6121  16.7522
-120   70    1      1  47.4780  16.7105
-120   80    1      1  47.5146  16.7771
-120   90    1      1  48.1308  17.0632
-120  100    1      1  48.5961  17.4147
-120  110    1      1  48.9369  17.8944
-120  120    1      1  49.1681  18.3254
-120  130    1      1  49.2991  18.7503
-120  140    1      1  49.0508  19.1054
-120  150    1      1  48.6276  19.4306
-120  160    1      1  48.3760  19.5019
-120  170    1      1  48.3169  19.6195
-120  180    1      1  48.2121  19.5994
-110 -180    1      1  48.3027  19.1945
-110 -170    1      1  48.0623  19.1769
-110 -160    1      1  47.9111  18.9701
-110 -150    1      1  47.4852  18.6008
-110 -140    1      1  46.9635  17.9566
-110 -130    1      1  46.6111  17.2874
-110 -120    1      1  46.5757  17.1218
-110 -110    1      1  46.8728  17.4701
-110 -100    1      1  47.5496  18.0500
-110  -90    1      1  48.3504  18.7078
-110  -80    1      1  49.3924  19.1126
-110  -70    1      1  50.3004  19.1445
-110  -60    1      1  50.6901  19.2603
-110  -50    1      1  50.7626  19.2182
-110  -40    1      1  50.5406  19.1871
-110  -30    1      1  50.0814  19.2121
-110  -20    1      1  49.8721  19.2291
-110  -10    1      1  49.6387  19.0744
-110    0    1      1  49.6116  18.7108
-110   10    1      1  49.6099  18.0694
-110   20    1      1  49.6440  17.4632
-110   30    1      1  49.1683  16.9197
-110   40    1      1  48.5341  16.5577
-110   50    1      1  47.8944  16.3351
-110   60    1      1  47.5474  16.2432
-110   70    1      1  47.2506  16.2886
-110   80    1      1  47.2508  16.3394
-110   90    1      1  47.7235  16.5775
-110  100    1      1  48.2320  17.0099
-110  110    1      1  48.6402  17.3818
-110  120    1      1  49.0493  17.8665
-110  130    1      1  49.0613  18.3539
-110  140    1      1  48.8660  18.6408
-110  150    1      1  48.7229  18.9222
-110  160    1      1  48.4912  19.0790
-110  170    1      1  48.2207  19.0536
-110  180    1      1  48.3027  19.1945
-100 -180    1      1  48.4036  18.5879
-100 -170    1      1  48.2612  18.5557
-100 -160    1      1  47.9334  18.3929
-100 -150    1      1  47.5376  18.0436
-100 -140    1      1  47.0544  17.4658
-100 -130    1      1  46.6334  16.7939
-100 -120    1      1  46.4060  16.5620
-100 -110    1      1  46.7114  16.8901
-100 -100    1      1  47.3940  17.5641
-100  -90    1      1  48.2899  18.1429
-100  -80    1      1  49.3555  18.5155
-100  -70    1      1  50.3462  18.6786
-100  -60    1      1  50.7988  18.6108
-100  -50    1      1  50.9424  18.6559
-100  -40    1      1  50.7727  18.7227
-100  -30    1      1  50.4645  18.7912
-100  -20    1      1  50.1949  18.6522
-100  -10    1      1  49.9882  18.3821
-100    0    1      1  50.1597  18.0408
-100   10    1      1  50.0749  17.3810
-100   20    1      1  49.8133  16.7549
-100   30    1      1  49.5292  16.3156
-100   40    1      1  48.7887  15.9869
-100   50    1      1  48.0537  15.7313
-100   60    1      1  47.5219  15.6643
-100   70    1      1  47.4277  15.6542
-100   80    1      1  47.3240  15.8010
-100   90    1      1  47.8587  16.0947
-100  100    1      1  48.4051  16.4519
-100  110    1      1  48.9572  16.9616
-100  120    1      1  49.3479  17.3269
-100  130    1      1  49.4299  17.7059
-100  140    1      1  49.3817  18.0266
-100  150    1      1  49.1539  18.2105
-100  160    1      1  48.9154  18.4621
-100  170    1      1  48.6268  18.5506
-100  180    1      1  48.4036  18.5879
 -90 -180    1      1  48.8988  18.0186
 -90 -170    1      1  48.6489  17.9052
 -90 -160    1      1  48.2812  17.8294
 -90 -150    1      1  47.6790  17.5045
 -90 -140    1      1  47.1664  16.8542
 -90 -130    1      1  46.7572  16.2689
 -90 -120    1      1  46.4616  16.0094
 -90 -110    1      1  46.6952  16.3408
 -90 -100    1      1  47.4295  17.0276
 -90  -90    1      1  48.4498  17.6922
 -90  -80    1      1  49.5178  18.0640
 -90  -70    1      1  50.6687  18.1120
 -90  -60    1      1  51.2470  18.1243
 -90  -50    1      1  51.4308  18.1390
 -90  -40    1      1  51.3526  18.0676
 -90  -30    1      1  51.0531  18.0962
 -90  -20    1      1  50.8350  17.9135
 -90  -10    1      1  50.7015  17.7704
 -90    0    1      1  50.6933  17.2882
 -90   10    1      1  50.5994  16.8132
 -90   20    1      1  50.3197  16.1982
 -90   30    1      1  49.9144  15.7000
 -90   40    1      1  48.4619  14.9332
 -90   50    1      1  47.7390  14.8645
 -90   60    1      1  47.1927  14.7951
 -90   70    1      1  47.4070  15.1695
 -90   80    1      1  47.6592  15.2381
 -90   90    1      1  48.0724  15.6034
 -90  100    1      1  48.7928  15.9943
 -90  110    1      1  49.4271  16.5072
 -90  120    1      1  49.9133  16.9157
 -90  130    1      1  50.1133  17.1717
 -90  140    1      1  50.0589  17.5749
 -90  150    1      1  49.8385  17.6906
 -90  160    1      1  49.6542  17.8653
 -90  170    1      1  49.2202  17.9332
 -90  180    1      1  48.8988  18.0186
 -80 -180    1      1  49.5094  17.4077
 -80 -170    1      1  49.1033  17.4402
 -80 -160    1      1  48.6578  17.4389
 -80 -150    1      1  47.9692  17.1468
 -80 -140    1      1  47.4592  16.4611
 -80 -130    1      1  46.9642  15.8465
 -80 -120    1      1  46.5876  15.6127
 -80 -110    1      1  47.0211  15.9423
 -80 -100    1      1  47.7661  16.6773
 -80  -90    1      1  48.8545  17.3625
 -80  -80    1      1  50.0707  17.5615
 -80  -70    1      1  51.2401  17.6835
 -80  -60    1      1  51.8243  17.6756
 -80  -50    1      1  52.0330  17.5688
 -80  -40    1      1  51.8711  17.4623
 -80  -30    1      1  51.6866  17.4800
 -80  -20    1      1  51.4983  17.3248
 -80  -10    1      1  51.2179  17.0479
 -80    0    1      1  51.1246  16.6982
 -80   10    1      1  50.9090  16.2109
 -80   20    1      1  49.9685  15.1079
 -80   30    1      1  49.5347  14.6926
 -80   40    1      1  48.8163  14.5139
 -80   50    1      1  48.0440  14.4318
 -80   60    1      1  47.1103  14.1077
 -80   70    1      1  47.0993  14.1462
 -80   80    1      1  47.9226  14.8962
 -80   90    1      1  48.5630  15.1535
 -80  100    1      1  49.3347  15.6239
 -80  110    1      1  50.1694  16.0863
 -80  120    1      1  50.7889  16.4548
 -80  130    1      1  50.9462  16.7264
 -80  140    1      1  50.9059  16.9972
 -80  150    1      1  50.5883  17.1395
 -80  160    1      1  50.2279  17.2953
 -80  170    1      1  49.9279  17.3688
 -80  180    1      1  49.5094  17.4077
 -70 -180    1      1  50.0108  17.1193
 -70 -170    1      1  49.4601  17.1873
 -70 -160    1      1  48.9975  17.1053
 -70 -150    1      1  48.3199  16.7587
 -70 -140    1      1  47.5062  16.1666
 -70 -130    1      1  47.0273  15.5541
 -70 -120    1      1  46.8176  15.3221
 -70 -110    1      1  47.3159  15.7085
 -70 -100    1      1  48.3201  16.3789
 -70  -90    1      1  49.4974  17.0280
 -70  -80    1      1  50.8670  17.3543
 -70  -70    1      1  51.8973  17.2624
 -70  -60    1      1  52.4801  17.2764
 -70  -50    1      1  52.8214  17.1056
 -70  -40    1      1  52.4924  17.0257
 -70  -30    1      1  52.1632  16.9113
 -70  -20    1      1  52.0379  16.7307
 -70  -10    1      1  51.6537  16.6243
 -70    0    1      1  51.4354  16.3759
 -70   10    1      1  50.7284  15.4378
 -70   20    1      1  50.5165  14.8402
 -70   30    1      1  49.8623  14.4306
 -70   40    1      1  49.1721  14.1183
 -70   50    1      1  48.0473  13.7212
 -70   60    1      1  47.6517  13.7234
 -70   70    1      1  47.6040  13.8345
 -70   80    1      1  48.3341  14.5447
 -70   90    1      1  49.0846  14.9874
 -70  100    1      1  49.9989  15.3950
 -70  110    1      1  50.7876  15.7758
 -70  120    1      1  51.3541  16.0549
 -70  130    1      1  51.4968  16.3088
 -70  140    1      1  51.3570  16.4803
 -70  150    1      1  51.1164  16.7279
 -70  160    1      1  50.8019  16.8610
 -70  170    1      1  50.4703  17.0014
 -70  180    1      1  50.0108  17.1193
 -60 -180    1      1  50.3468  17.0267
 -60 -170    1      1  49.8680  17.0695
 -60 -160    1      1  49.1898  16.9950
 -60 -150    1      1  48.2733  16.7131
 -60 -140    1      1  47.5952  16.0039
 -60 -130    1      1  47.1258  15.4500
 -60 -120    1      1  47.1830  15.1814
 -60 -110    1      1  47.7811  15.5654
 -60 -100    1      1  48.8428  16.3452
 -60  -90    1      1  50.2147  17.0430
 -60  -80    1      1  51.6426  17.1651
 -60  -70    1      1  52.7095  17.1875
 -60  -60    1      1  53.1656  17.1312
 -60  -50    1      1  53.2612  16.8522
 -60  -40    1      1  52.8938  16.7820
 -60  -30    1      1  52.6573  16.6527
 -60  -20    1      1  52.1440  16.5189
 -60  -10    1      1  51.3857  16.0079
 -60    0    1      1  51.3037  15.7641
 -60   10    1      1  51.2827  15.3509
 -60   20    1      1  50.7458  15.3747
 -60   30    1      1  50.2784  14.8616
 -60   40    1      1  49.4798  14.2957
 -60   50    1      1  48.6241  14.1089
 -60   60    1      1  48.3299  14.0792
 -60   70    1      1  48.4277  14.2547
 -60   80    1      1  48.9173  14.6350
 -60   90    1      1  49.8395  14.9532
 -60  100    1      1  50.6049  15.3548
 -60  110    1      1  51.3324  15.6750
 -60  120    1      1  51.6257  15.9827
 -60  130    1      1  51.7375  16.1555
 -60  140    1      1  51.7231  16.3258
 -60  150    1      1  51.5051  16.4802
 -60  160    1      1  51.2442  16.6287
 -60  170    1      1  50.8230  16.8720
 -60  180    1      1  50.3468  17.0267
 -50 -180    1      1  50.4963  17.2327
 -50 -170    1      1  49.7250  17.4490
 -50 -160    1      1  48.9225  17.2619
 -50 -150    1      1  48.0917  16.8896
 -50 -140    1      1  47.3854  16.1588
 -50 -130    1      1  47.2821  15.5089
 -50 -120    1      1  47.8114  15.4423
 -50 -110    1      1  48.8233  15.8688
 -50 -100    1      1  49.8639  16.6382
 -50  -90    1      1  51.1185  17.1703
 -50  -80    1      1  52.3422  17.3868
 -50  -70    1      1  53.1620  17.4625
 -50  -60    1      1  53.5486  17.1745
 -50  -50    1      1  53.4134  16.9513
 -50  -40    1      1  53.1332  16.8171
 -50  -30    1      1  52.8220  16.7490
 -50  -20    1      1  52.0640  16.2671
 -50  -10    1      1  51.8215  16.6802
 -50    0    1      1  51.7426  16.6595
 -50   10    1      1  51.7283  16.3276
 -50   20    1      1  51.0960  15.8407
 -50   30    1      1  50.2192  14.9414
 -50   40    1      1  49.8147  14.2141
 -50   50    1      1  49.3116  14.1493
 -50   60    1      1  49.2028  14.3307
 -50   70    1      1  49.4240  14.6319
 -50   80    1      1  49.8526  14.9529
 -50   90    1      1  50.4922  15.1888
 -50  100    1      1  51.3261  15.5301
 -50  110    1      1  51.9319  15.7961
 -50  120    1      1  52.1815  16.0563
 -50  130    1      1  52.1651  16.2703
 -50  140    1      1  52.0064  16.4360
 -50  150    1      1  51.8046  16.5831
 -50  160    1      1  51.4637  16.9037
 -50  170    1      1  51.0524  17.0248
 -50  180    1      1  50.4963  17.2327
 -40 -180    1      1  49.9248  17.9639
 -40 -170    1      1  48.9775  18.1122
 -40 -160    1      1  48.3095  17.8546
 -40 -150    1      1  47.6463  17.2655
 -40 -140    1      1  47.7411  16.4520
 -40 -130    1      1  48.3063  15.9415
 -40 -120    1      1  49.2502  15.9956
 -40 -110    1      1  50.2559  16.4474
 -40 -100    1      1  51.1612  17.1619
 -40  -90    1      1  51.9976  17.6589
 -40  -80    1      1  52.8719  17.8212
 -40  -70    1      1  53.4141  17.7989
 -40  -60    1      1  53.5821  17.5465
 -40  -50    1      1  53.6454  17.3969
 -40  -40    1      1  53.3901  17.2043
 -40  -30    1      1  52.9124  16.7072
 -40  -20    1      1  52.2507  17.1819
 -40  -10    1      1  52.0616  17.3014
 -40    0    1      1  52.0506  17.4301
 -40   10    1      1  51.8573  17.3633
 -40   20    1      1  51.5763  16.1414
 -40   30    1      1  50.9366  15.0480
 -40   40    1      1  50.1510  14.4490
 -40   50    1      1  49.8723  14.6644
 -40   60    1      1  50.3120  15.2235
 -40   70    1      1  50.4848  15.3707
 -40   80    1      1  50.7310  15.4697
 -40   90    1      1  51.0954  15.6268
 -40  100    1      1  51.7943  15.8709
 -40  110    1      1  52.2689  16.2232
 -40  120    1      1  52.4081  16.4966
 -40  130    1      1  52.4010  16.7104
 -40  140    1      1  52.2156  16.8921
 -40  150    1      1  51.9464  17.0650
 -40  160    1      1  51.3737  17.3638
 -40  170    1      1  50.7655  17.6459
 -40  180    1      1  49.9248  17.9639
 -30 -180    1      1  48.7670  19.0395
 -30 -170    1      1  48.0035  19.0853
 -30 -160    1      1  47.7027  18.5718
 -30 -150    1      1  48.2919  17.5515
 -30 -140    1      1  49.3795  16.8704
 -30 -130    1      1  50.6681  16.8276
 -30 -120    1      1  51.2949  16.9128
 -30 -110    1      1  51.6888  17.3744
 -30 -100    1      1  52.1174  18.0377
 -30  -90    1      1  52.5165  18.3699
 -30  -80    1      1  52.9241  18.4505
 -30  -70    1      1  53.4145  18.3746
 -30  -60    1      1  53.7095  18.0942
 -30  -50    1      1  53.8209  17.9200
 -30  -40    1      1  53.5227  17.2591
 -30  -30    1      1  52.8149  17.3681
 -30  -20    1      1  52.2017  17.9778
 -30  -10    1      1  51.9469  18.4209
 -30    0    1      1  52.1726  18.8209
 -30   10    1      1  51.7661  18.3200
 -30   20    1      1  51.3412  16.5809
 -30   30    1      1  51.9927  15.0939
 -30   40    1      1  50.5543  15.3794
 -30   50    1      1  51.8019  16.1641
 -30   60    1      1  51.9482  16.7929
 -30   70    1      1  51.3024  16.3668
 -30   80    1      1  51.1742  16.2404
 -30   90    1      1  51.3822  16.2156
 -30  100    1      1  51.7836  16.4228
 -30  110    1      1  52.1714  16.7424
 -30  120    1      1  52.2886  17.0051
 -30  130    1      1  52.2097  17.2284
 -30  140    1      1  51.9009  17.4917
 -30  150    1      1  51.4643  17.8169
 -30  160    1      1  50.7182  18.1802
 -30  170    1      1  49.7120  18.6545
 -30  180    1      1  48.7670  19.0395
 -20 -180    1      1  47.2630  20.5839
 -20 -170    1      1  46.8992  20.5549
 -20 -160    1      1  48.3257  19.2741
 -20 -150    1      1  52.0143  17.0576
 -20 -140    1      1  53.1931  17.8175
 -20 -130    1      1  53.2318  18.1289
 -20 -120    1      1  48.5774  18.0050
 -20 -110    1      1  49.2760  18.2762
 -20 -100    1      1  50.3350  18.7426
 -20  -90    1      1  51.5975  19.1666
 -20  -80    1      1  52.6341  19.1381
 -20  -70    1      1  53.4475  18.9869
 -20  -60    1      1  54.0338  18.7815
 -20  -50    1      1  53.5032  18.0459
 -20  -40    1      1  53.5787  17.9310
 -20  -30    1      1  53.0177  18.1470
 -20  -20    1      1  52.5079  18.6964
 -20  -10    1      1  52.3721  19.9518
 -20    0    1      1  51.3784  20.2567
 -20   10    1      1 999.0000 999.0000
 -20   20    1      1 999.0000 999.0000
 -20   30    1      1 999.0000 999.0000
 -20   40    1      1  50.2240  18.5006
 -20   50    1      1  51.6216  17.8760
 -20   60    1      1  51.6104  17.3776
 -20   70    1      1  51.2709  17.1383
 -20   80    1      1  51.3555  17.0424
 -20   90    1      1  51.5005  16.8951
 -20  100    1      1  51.7628  17.1564
 -20  110    1      1  51.9631  17.4179
 -20  120    1      1  52.0993  17.7063
 -20  130    1      1  51.9711  18.0368
 -20  140    1      1  51.4411  18.3268
 -20  150    1      1  50.5146  18.7538
 -20  160    1      1  49.4102  19.3750
 -20  170    1      1  48.2738  20.0562
 -20  180    1      1  47.2630  20.5839
 -10 -180    1      1  45.0210  22.8167
 -10 -170    1      1  45.1733  22.8480
 -10 -160    1      1 999.0000 999.0000
 -10 -150    1      1  44.0701  19.4764
 -10 -140    1      1  46.5454  19.0917
 -10 -130    1      1  47.8003  18.6477
 -10 -120    1      1  48.5517  18.4537
 -10 -110    1      1  49.4298  18.5968
 -10 -100    1      1  50.7233  19.2177
 -10  -90    1      1  51.8862  19.7660
 -10  -80    1      1  52.7791  19.8365
 -10  -70    1      1  53.7470  19.5977
 -10  -60    1      1  53.8952  18.9357
 -10  -50    1      1  54.0533  18.9985
 -10  -40    1      1  53.9040  19.1062
 -10  -30    1      1  53.3887  19.6401
 -10  -20    1      1  52.3482  20.7248
 -10  -10    1      1 999.0000 999.0000
 -10    0    1      1 999.0000 999.0000
 -10   10    1      1 999.0000 999.0000
 -10   20    1      1 999.0000 999.0000
 -10   30    1      1 999.0000 999.0000
 -10   40    1      1  51.6272  18.3396
 -10   50    1      1  51.9164  17.7284
 -10   60    1      1  51.6074  17.5848
 -10   70    1      1  51.2574  17.5397
 -10   80    1      1  50.9489  17.6675
 -10   90    1      1  51.3305  17.6177
 -10  100    1      1  51.5051  17.9447
 -10  110    1      1  51.6825  18.1877
 -10  120    1      1  51.8253  18.5074
 -10  130    1      1  51.4202  18.8439
 -10  140    1      1  50.5826  19.4138
 -10  150    1      1  49.3995  20.1125
 -10  160    1      1  48.1801  20.9207
 -10  170    1      1  46.7247  21.9380
 -10  180    1      1  45.0210  22.8167
   0 -180    1      1 999.0000 999.0000
   0 -170    1      1 999.0000 999.0000
   0 -160    1      1  42.9875  19.7765
   0 -150    1      1  45.8219  19.7860
   0 -140    1      1  47.5413  19.3748
   0 -130    1      1  48.6390  18.8717
   0 -120    1      1  49.4122  18.6410
   0 -110    1      1  50.3359  18.8298
   0 -100    1      1  51.3877  19.5610
   0  -90    1      1  52.5659  20.1050
   0  -80    1      1  53.1741  20.4132
   0  -70    1      1  54.1021  20.2595
   0  -60    1      1  54.4752  20.1142
   0  -50    1      1  54.9194  20.2878
   0  -40    1      1  54.9165  20.6753
   0  -30    1      1  53.6000  21.3845
   0  -20    1      1 999.0000 999.0000
   0  -10    1      1 999.0000 999.0000
   0    0    1      1 999.0000 999.0000
   0   10    1      1 999.0000 999.0000
   0   20    1      1 999.0000 999.0000
   0   30    1      1  50.7168  18.4695
   0   40    1      1  52.0569  17.7744
   0   50    1      1  51.6954  17.7156
   0   60    1      1  51.1614  17.6401
   0   70    1      1  50.8044  17.9676
   0   80    1      1  50.7950  18.0915
   0   90    1      1  51.0942  18.3041
   0  100    1      1  51.2128  18.6124
   0  110    1      1  51.2896  19.0959
   0  120    1      1  51.4104  19.7150
   0  130    1      1  50.9393  20.2827
   0  140    1      1  50.2260  20.9311
   0  150    1      1  48.9414  21.8457
   0  160    1      1  47.4241  22.8193
   0  170    1      1  44.6573  24.0359
   0  180    1      1 999.0000 999.0000
  10 -180    1      1  42.7684  20.0947
  10 -170    1      1  44.5281  20.0284
  10 -160    1      1  46.6074  20.0630
  10 -150    1      1  48.1563  19.8861
  10 -140    1      1  49.1271  19.4435
  10 -130    1      1  49.8387  18.8142
  10 -120    1      1  50.4493  18.4726
  10 -110    1      1  51.1426  18.8210
  10 -100    1      1  52.1106  19.7088
  10  -90    1      1  53.2945  20.4643
  10  -80    1      1  53.7727  21.0537
  10  -70    1      1  54.9100  21.2358
  10  -60    1      1  55.6288  21.5594
  10  -50    1      1  56.0861  22.0079
  10  -40    1      1  55.7460  22.3623
  10  -30    1      1 999.0000 999.0000
  10  -20    1      1 999.0000 999.0000
  10  -10    1      1 999.0000 999.0000
  10    0    1      1 999.0000 999.0000
  10   10    1      1 999.0000 999.0000
  10   20    1      1  50.9882  18.5922
  10   30    1      1  51.6975  17.8284
  10   40    1      1  51.5216  17.7050
  10   50    1      1  51.1658  17.7065
  10   60    1      1  50.8198  17.7773
  10   70    1      1  50.8484  18.0986
  10   80    1      1  50.8618  18.4539
  10   90    1      1  50.8387  18.9616
  10  100    1      1  50.9735  19.5385
  10  110    1      1  51.2630  20.1871
  10  120    1      1  51.6684  20.9532
  10  130    1      1  51.7948  21.7041
  10  140    1      1  51.4038  22.5284
  10  150    1      1  50.2142  23.3699
  10  160    1      1 999.0000 999.0000
  10  170    1      1  43.3566  21.1120
  10  180    1      1  42.7684  20.0947
  20 -180    1      1  47.3859  20.0431
  20 -170    1      1  48.2785  20.0531
  20 -160    1      1  49.2940  20.0171
  20 -150    1      1  50.1780  19.7631
  20 -140    1      1  50.6637  19.0978
  20 -130    1      1  50.8613  18.2452
  20 -120    1      1  51.1914  18.0719
  20 -110    1      1  51.7467  18.5053
  20 -100    1      1  52.6286  19.4392
  20  -90    1      1  53.9467  20.2833
  20  -80    1      1  54.5295  21.7088
  20  -70    1      1  55.7079  22.2057
  20  -60    1      1  57.1978  22.8967
  20  -50    1      1  57.4375  22.8223
  20  -40    1      1 999.0000 999.0000
  20  -30    1      1 999.0000 999.0000
  20  -20    1      1 999.0000 999.0000
  20  -10    1      1 999.0000 999.0000
  20    0    1      1  51.4016  19.4773
  20   10    1      1  52.2146  18.8279
  20   20    1      1  51.2026  18.1056
  20   30    1      1  51.0156  17.6434
  20   40    1      1  51.2334  17.4039
  20   50    1      1  51.0240  17.4057
  20   60    1      1  51.0304  17.8325
  20   70    1      1  51.2184  17.9086
  20   80    1      1  51.3386  18.4236
  20   90    1      1  51.2120  19.2031
  20  100    1      1  51.4846  20.0343
  20  110    1      1  52.2873  20.9363
  20  120    1      1  53.1102  21.6490
  20  130    1      1  59.2296  21.0512
  20  140    1      1  59.1350  21.6732
  20  150    1      1  56.1257  22.7251
  20  160    1      1  50.2730  21.7657
  20  170    1      1  47.5371  20.6249
  20  180    1      1  47.3859  20.0431
  30 -180    1      1  50.2948  19.6211
  30 -170    1      1  50.8154  19.5955
  30 -160    1      1  51.3175  19.4897
  30 -150    1      1  51.5486  19.1205
  30 -140    1      1  51.5669  18.2584
  30 -130    1      1  51.4221  17.4188
  30 -120    1      1  51.6355  17.2709
  30 -110    1      1  52.0726  17.6309
  30 -100    1      1  53.1363  18.5496
  30  -90    1      1  54.6661  19.3642
  30  -80    1      1  56.1793  19.7708
  30  -70    1      1  57.8088  19.8725
  30  -60    1      1  59.1107  20.5412
  30  -50    1      1  58.7300  19.4799
  30  -40    1      1  55.8985  18.9840
  30  -30    1      1  55.4549  17.6602
  30  -20    1      1  53.3440  18.7636
  30  -10    1      1  53.1590  18.5542
  30    0    1      1  53.0036  18.2810
  30   10    1      1  52.7004  17.9183
  30   20    1      1  52.3865  17.3867
  30   30    1      1  51.1690  17.1958
  30   40    1      1  50.8538  17.0374
  30   50    1      1  51.5800  17.0828
  30   60    1      1  51.4166  17.0526
  30   70    1      1  51.5913  17.3353
  30   80    1      1  52.3074  17.6980
  30   90    1      1  53.8142  18.0309
  30  100    1      1  55.2134  18.5595
  30  110    1      1  56.4986  19.0220
  30  120    1      1  57.1676  19.5339
  30  130    1      1  56.8252  19.8721
  30  140    1      1  55.1621  20.4075
  30  150    1      1  52.9624  20.4590
  30  160    1      1  50.8581  20.0476
  30  170    1      1  50.1058  19.7015
  30  180    1      1  50.2948  19.6211
  40 -180    1      1  52.3838  18.7076
  40 -170    1      1  52.5443  18.5902
  40 -160    1      1  52.6483  18.4530
  40 -150    1      1  52.3582  17.9433
  40 -140    1      1  52.0363  17.0483
  40 -130    1      1  51.7226  16.3161
  40 -120    1      1  51.9072  15.9881
  40 -110    1      1  52.5562  16.3928
  40 -100    1      1  53.4929  17.0769
  40  -90    1      1  55.1421  17.7413
  40  -80    1      1  56.5916  17.8752
  40  -70    1      1  57.8722  17.5851
  40  -60    1      1  58.5028  17.3640
  40  -50    1      1  57.7710  17.0153
  40  -40    1      1  56.3586  16.0764
  40  -30    1      1  54.8819  16.6524
  40  -20    1      1  54.4245  17.0328
  40  -10    1      1  54.3132  17.2309
  40    0    1      1  53.7364  17.0167
  40   10    1      1  53.3214  17.0113
  40   20    1      1  52.8411  16.3805
  40   30    1      1  51.6441  16.1635
  40   40    1      1  52.1354  16.1040
  40   50    1      1  51.8172  15.9773
  40   60    1      1  51.8526  16.0347
  40   70    1      1  52.2913  16.1630
  40   80    1      1  53.0099  16.3693
  40   90    1      1  54.3294  16.6257
  40  100    1      1  55.2504  17.0806
  40  110    1      1  55.7420  17.5933
  40  120    1      1  55.7011  17.9338
  40  130    1      1  54.9140  18.4259
  40  140    1      1  53.7584  18.5679
  40  150    1      1  52.7294  18.5214
  40  160    1      1  52.3695  18.4660
  40  170    1      1  52.2055  18.5701
  40  180    1      1  52.3838  18.7076
  50 -180    1      1  53.7343  17.5465
  50 -170    1      1  53.7030  17.4588
  50 -160    1      1  53.0506  17.0429
  50 -150    1      1  52.7103  16.3667
  50 -140    1      1  52.2326  15.4766
  50 -130    1      1  52.1581  14.6183
  50 -120    1      1  52.3184  14.3392
  50 -110    1      1  52.8890  14.5843
  50 -100    1      1  54.0185  15.2698
  50  -90    1      1  55.4266  15.8374
  50  -80    1      1  56.6382  16.0536
  50  -70    1      1  57.6183  15.7018
  50  -60    1      1  58.1285  15.3329
  50  -50    1      1  57.4802  14.6335
  50  -40    1      1  56.6537  14.3981
  50  -30    1      1  55.6020  15.1578
  50  -20    1      1  55.2413  15.6528
  50  -10    1      1  55.0513  15.8136
  50    0    1      1  54.4749  15.8592
  50   10    1      1  52.9100  15.5270
  50   20    1      1  52.4039  15.1569
  50   30    1      1  52.6815  14.8182
  50   40    1      1  52.1747  14.5899
  50   50    1      1  52.1225  14.3617
  50   60    1      1  52.2476  14.3117
  50   70    1      1  52.5383  14.4148
  50   80    1      1  53.3896  14.7240
  50   90    1      1  54.2767  15.0518
  50  100    1      1  54.8996  15.7075
  50  110    1      1  55.1651  16.1831
  50  120    1      1  54.9678  16.6026
  50  130    1      1  54.6571  16.9188
  50  140    1      1  54.2271  17.0382
  50  150    1      1  53.9612  17.0982
  50  160    1      1  53.9840  17.2857
  50  170    1      1  53.7586  17.5097
  50  180    1      1  53.7343  17.5465
  60 -180    1      1  54.1047  15.9775
  60 -170    1      1  53.7631  15.7762
  60 -160    1      1  53.2334  15.3427
  60 -150    1      1  52.7818  14.6914
  60 -140    1      1  52.3652  13.7808
  60 -130    1      1  52.2422  12.9166
  60 -120    1      1  52.5847  12.5220
  60 -110    1      1  53.1756  12.8299
  60 -100    1      1  54.2196  13.5250
  60  -90    1      1  55.6227  14.1548
  60  -80    1      1  56.7786  14.4444
  60  -70    1      1  57.6555  14.5556
  60  -60    1      1  58.0077  14.1896
  60  -50    1      1  57.5750  13.8306
  60  -40    1      1  56.9748  14.1202
  60  -30    1      1  56.4732  14.5735
  60  -20    1      1  56.0857  14.4458
  60  -10    1      1  54.7119  14.5863
  60    0    1      1  53.8839  14.3952
  60   10    1      1  53.1564  13.9743
  60   20    1      1  53.2935  13.6518
  60   30    1      1  52.8825  13.1846
  60   40    1      1  52.4856  12.7237
  60   50    1      1  52.3093  12.5083
  60   60    1      1  52.3254  12.4828
  60   70    1      1  52.7084  12.6590
  60   80    1      1  53.3994  12.9615
  60   90    1      1  54.1502  13.4985
  60  100    1      1  54.9109  14.1569
  60  110    1      1  55.0669  15.0936
  60  120    1      1  55.1364  15.6738
  60  130    1      1  55.1815  15.7771
  60  140    1      1  55.1220  15.9624
  60  150    1      1  54.9974  16.0411
  60  160    1      1  55.0277  16.3006
  60  170    1      1  54.5502  16.1234
  60  180    1      1  54.1047  15.9775
  70 -180    1      1  54.3436  14.4646
  70 -170    1      1  53.7656  14.2950
  70 -160    1      1  53.3833  13.8624
  70 -150    1      1  52.9083  13.3161
  70 -140    1      1  52.5862  12.3500
  70 -130    1      1  52.5188  11.4193
  70 -120    1      1  52.7162  11.0208
  70 -110    1      1  53.2948  11.3946
  70 -100    1      1  54.2392  12.1048
  70  -90    1      1  55.5140  12.6583
  70  -80    1      1  56.7475  12.9447
  70  -70    1      1  57.6153  13.2039
  70  -60    1      1  56.9656  13.8052
  70  -50    1      1  56.8088  13.2006
  70  -40    1      1  56.8269  13.8294
  70  -30    1      1  56.4687  13.6005
  70  -20    1      1  55.7173  13.2335
  70  -10    1      1  54.8336  13.0728
  70    0    1      1  54.8566  12.8753
  70   10    1      1  54.2016  12.4872
  70   20    1      1  53.6493  12.0114
  70   30    1      1  53.1500  11.5060
  70   40    1      1  52.7447  11.1145
  70   50    1      1  52.3949  10.8867
  70   60    1      1  52.4153  10.9061
  70   70    1      1  52.8025  11.0480
  70   80    1      1  53.4425  11.4404
  70   90    1      1  54.1196  12.0821
  70  100    1      1  54.8570  12.8276
  70  110    1      1  55.4106  13.5885
  70  120    1      1  55.5526  14.3010
  70  130    1      1  55.5707  14.5962
  70  140    1      1  55.5789  14.6471
  70  150    1      1  55.4293  14.6729
  70  160    1      1  55.0287  14.6442
  70  170    1      1  54.5648  14.5943
  70  180    1      1  54.3436  14.4646
  80 -180    1      1  54.6252  13.5822
  80 -170    1      1  54.0850  13.5474
  80 -160    1      1  53.6094  13.2170
  80 -150    1      1  53.2236  12.5474
  80 -140    1      1  52.8448  11.5907
  80 -130    1      1  52.6992  10.7949
  80 -120    1      1  52.8473  10.3962
  80 -110    1      1  53.4144  10.7993
  80 -100    1      1  54.4373  11.5120
  80  -90    1      1  55.8177  12.0200
  80  -80    1      1  56.8864  12.2618
  80  -70    1      1  57.9029  12.5029
  80  -60    1      1  57.2928  12.1040
  80  -50    1      1  57.5058  12.9032
  80  -40    1      1  57.2551  12.6421
  80  -30    1      1  56.7191  12.4824
  80  -20    1      1  55.8741  12.3249
  80  -10    1      1  55.6962  12.0030
  80    0    1      1  55.2004  11.8770
  80   10    1      1  54.5441  11.6473
  80   20    1      1  53.9159  11.2549
  80   30    1      1  53.3235  10.7571
  80   40    1      1  52.8272  10.2543
  80   50    1      1  52.5206  10.1023
  80   60    1      1  52.6141  10.0766
  80   70    1      1  52.9422  10.3081
  80   80    1      1  53.6249  10.7219
  80   90    1      1  54.2406  11.4198
  80  100    1      1  55.0407  12.1852
  80  110    1      1  55.5585  12.8970
  80  120    1      1  55.8431  13.4356
  80  130    1      1  55.8770  13.7169
  80  140    1      1  55.8035  13.6464
  80  150    1      1  55.6039  13.6703
  80  160    1      1  55.2383  13.6754
  80  170    1      1  54.9053  13.6841
  80  180    1      1  54.6252  13.5822
  90 -180    1      1  55.0988  14.0921
  90 -170    1      1  54.7190  14.1280
  90 -160    1      1  54.0718  13.7673
  90 -150    1      1  53.6842  13.2288
  90 -140    1      1  53.3135  12.4146
  90 -130    1      1  53.2847  11.5996
  90 -120    1      1  53.3102  11.4798
  90 -110    1      1  53.9990  11.9518
  90 -100    1      1  55.1001  12.6144
  90  -90    1      1  56.2383  13.2638
  90  -80    1      1  57.4996  13.4635
  90  -70    1      1  58.2431  13.5142
  90  -60    1      1  58.7324  13.2730
  90  -50    1      1  58.6260  12.9436
  90  -40    1      1  57.8193  12.5270
  90  -30    1      1  57.8159  13.1418
  90  -20    1      1  57.2645  13.0968
  90  -10    1      1  56.4235  13.0906
  90    0    1      1  55.7393  12.9200
  90   10    1      1  55.1249  12.6655
  90   20    1      1  54.4781  12.1827
  90   30    1      1  53.8905  11.6361
  90   40    1      1  53.3955  11.1223
  90   50    1      1  53.1199  10.9699
  90   60    1      1  53.2043  10.9029
  90   70    1      1  53.5670  11.1873
  90   80    1      1  54.0747  11.4404
  90   90    1      1  54.8058  12.0380
  90  100    1      1  55.4622  12.7330
  90  110    1      1  56.0238  13.3771
  90  120    1      1  56.2402  13.7055
  90  130    1      1  56.3233  13.7765
  90  140    1      1  56.2099  13.9334
  90  150    1      1  56.0049  13.8758
  90  160    1      1  55.7064  14.0626
  90  170    1      1  55.2748  14.0952
  90  180    1      1  55.0988  14.0921
 100 -180    1      1  55.8678  16.0728
 100 -170    1      1  55.2071  16.0893
 100 -160    1      1  54.6889  15.8138
 100 -150    1      1  54.2651  15.1896
 100 -140    1      1  53.9927  14.4335
 100 -130    1      1  53.8512  13.7993
 100 -120    1      1  54.2515  13.6449
 100 -110    1      1  54.9123  14.2070
 100 -100    1      1  55.8575  15.0735
 100  -90    1      1  57.2150  15.6096
 100  -80    1      1  58.3595  15.8774
 100  -70    1      1  59.0940  15.9389
 100  -60    1      1  59.7133  15.8693
 100  -50    1      1  59.6061  15.8112
 100  -40    1      1  59.2602  15.6839
 100  -30    1      1  58.7357  15.5930
 100  -20    1      1  57.9817  15.5528
 100  -10    1      1  57.2707  15.5213
 100    0    1      1  56.3912  15.2531
 100   10    1      1  55.7305  14.8618
 100   20    1      1  55.1234  14.3191
 100   30    1      1  54.7500  13.7020
 100   40    1      1  54.2560  13.2662
 100   50    1      1  54.0556  13.0212
 100   60    1      1  54.2420  13.0100
 100   70    1      1  54.5974  13.2219
 100   80    1      1  55.3003  13.6934
 100   90    1      1  55.9468  14.0694
 100  100    1      1  56.5199  14.7470
 100  110    1      1  56.9955  15.2962
 100  120    1      1  57.3350  15.6957
 100  130    1      1  57.3786  15.9255
 100  140    1      1  57.2191  15.9590
 100  150    1      1  57.0595  16.0099
 100  160    1      1  56.8041  16.1032
 100  170    1      1  56.2759  16.1991
 100  180    1      1  55.8678  16.0728
 110 -180    1      1  56.5930  18.6909
 110 -170    1      1  55.8816  18.5908
 110 -160    1      1  55.2523  18.2095
 110 -150    1      1  54.8210  17.7627
 110 -140    1      1  54.6036  16.8962
 110 -130    1      1  54.6087  16.2663
 110 -120    1      1  55.0877  16.2813
 110 -110    1      1  55.7272  16.9676
 110 -100    1      1  56.7915  17.6883
 110  -90    1      1  58.0358  18.3453
 110  -80    1      1  59.2127  18.5837
 110  -70    1      1  60.0131  18.6642
 110  -60    1      1  60.4914  18.6105
 110  -50    1      1  60.4432  18.5710
 110  -40    1      1  60.1118  18.4767
 110  -30    1      1  59.4834  18.4171
 110  -20    1      1  58.7823  18.3453
 110  -10    1      1  57.8093  18.3025
 110    0    1      1  57.1090  18.0808
 110   10    1      1  56.4444  17.5022
 110   20    1      1  55.9141  16.9445
 110   30    1      1  55.4453  16.2622
 110   40    1      1  55.3212  16.4028
 110   50    1      1  55.2336  15.5639
 110   60    1      1  55.4286  15.5124
 110   70    1      1  55.8906  15.7377
 110   80    1      1  56.6923  16.4669
 110   90    1      1  57.8567  19.0881
 110  100    1      1  58.4538  20.1436
 110  110    1      1  58.9794  20.8710
 110  120    1      1  59.1485  21.3295
 110  130    1      1  59.1213  21.6033
 110  140    1      1  58.8460  21.5778
 110  150    1      1  58.6412  21.3073
 110  160    1      1  58.0410  20.5028
 110  170    1      1  57.3067  19.4212
 110  180    1      1  56.5930  18.6909
 120 -180    1      1  56.8320  22.6345
 120 -170    1      1  56.1638  22.3327
 120 -160    1      1  55.5477  21.9373
 120 -150    1      1  55.3424  21.2491
 120 -140    1      1  55.1074  20.4919
 120 -130    1      1  55.1662  19.7395
 120 -120    1      1  55.6578  19.6978
 120 -110    1      1  56.4630  20.1969
 120 -100    1      1  57.5327  20.9926
 120  -90    1      1  58.8255  21.6094
 120  -80    1      1  59.9809  21.7416
 120  -70    1      1  60.7105  21.8678
 120  -60    1      1  61.1097  21.7505
 120  -50    1      1  60.9388  21.6420
 120  -40    1      1  60.6088  21.5655
 120  -30    1      1  60.0343  21.6075
 120  -20    1      1  59.1843  21.7091
 120  -10    1      1  58.3757  21.6772
 120    0    1      1  57.5113  21.5189
 120   10    1      1  56.9166  21.0440
 120   20    1      1  56.3417  20.4031
 120   30    1      1  55.9120  19.8260
 120   40    1      1  55.7454  19.4504
 120   50    1      1  55.6698  19.3220
 120   60    1      1  56.0742  19.1253
 120   70    1      1  56.4821  19.1459
 120   80    1      1  57.1261  19.3891
 120   90    1      1  57.7046  19.7366
 120  100    1      1  58.3854  20.2206
 120  110    1      1  58.8240  20.7271
 120  120    1      1  59.1796  21.2449
 120  130    1      1  59.0878  21.6610
 120  140    1      1  58.8005  21.8583
 120  150    1      1  58.4533  22.2524
 120  160    1      1  57.9003  22.4564
 120  170    1      1  57.4119  22.5646
 120  180    1      1  56.8320  22.6345
 130 -180    1      1  56.1981  21.8044
 130 -170    1      1  55.5243  21.8335
 130 -160    1      1  55.1142  21.6004
 130 -150    1      1  54.7420  21.0007
 130 -140    1      1  54.7187  20.2637
 130 -130    1      1  54.8164  19.8145
 130 -120    1      1  55.3124  19.7292
 130 -110    1      1  56.0591  20.3515
 130 -100    1      1  57.2147  21.2296
 130  -90    1      1  58.4104  21.8028
 130  -80    1      1  59.5373  22.1526
 130  -70    1      1  60.3826  22.3140
 130  -60    1      1  60.9829  22.2778
 130  -50    1      1  60.8525  22.2587
 130  -40    1      1  60.4448  22.3418
 130  -30    1      1  59.8896  22.4625
 130  -20    1      1  58.9926  22.5822
 130  -10    1      1  58.0926  22.2607
 130    0    1      1  57.2174  21.9707
 130   10    1      1  56.4439  21.1926
 130   20    1      1  55.7399  20.0696
 130   30    1      1  55.2789  18.9849
 130   40    1      1  55.0082  18.2045
 130   50    1      1  54.8777  17.8916
 130   60    1      1  55.1474  17.5051
 130   70    1      1  55.3848  17.6501
 130   80    1      1  56.0422  17.7892
 130   90    1      1  56.8012  18.0559
 130  100    1      1  57.5182  18.4736
 130  110    1      1  58.0907  18.9790
 130  120    1      1  58.5045  19.3842
 130  130    1      1  58.4947  19.7065
 130  140    1      1  58.2325  20.0836
 130  150    1      1  57.7712  20.5084
 130  160    1      1  57.2914  21.1246
 130  170    1      1  56.6940  21.5534
 130  180    1      1  56.1981  21.8044
 140 -180    1      1  54.7153  18.8850
 140 -170    1      1  54.0616  18.8651
 140 -160    1      1  53.6891  18.6740
 140 -150    1      1  53.2889  17.8768
 140 -140    1      1  53.2182  17.1733
 140 -130    1      1  53.2334  16.3848
 140 -120    1      1  53.6733  16.3085
 140 -110    1      1  54.2006  16.8112
 140 -100    1      1  55.1264  17.6695
 140  -90    1      1  56.4073  18.1864
 140  -80    1      1  57.4552  18.4381
 140  -70    1      1  58.3975  18.3752
 140  -60    1      1  58.9537  18.2635
 140  -50    1      1  58.8190  18.1137
 140  -40    1      1  58.4167  18.0627
 140  -30    1      1  57.9768  18.0757
 140  -20    1      1  57.2064  18.0941
 140  -10    1      1  56.3093  18.2604
 140    0    1      1  55.4848  17.9518
 140   10    1      1  54.8102  17.2486
 140   20    1      1  54.3266  16.4514
 140   30    1      1  54.0166  15.7703
 140   40    1      1  54.0205  15.4095
 140   50    1      1  54.0642  15.2723
 140   60    1      1  54.2152  15.3582
 140   70    1      1  54.4854  15.4155
 140   80    1      1  55.2165  15.6589
 140   90    1      1  55.8406  15.8351
 140  100    1      1  56.6005  16.1954
 140  110    1      1  57.1750  16.6596
 140  120    1      1  57.6251  17.0169
 140  130    1      1  57.5975  17.3377
 140  140    1      1  57.3693  17.7303
 140  150    1      1  56.8553  18.1421
 140  160    1      1  56.2650  18.3877
 140  170    1      1  55.5246  18.6961
 140  180    1      1  54.7153  18.8850
 150 -180    1      1  53.6497  16.5399
 150 -170    1      1  53.1466  16.4713
 150 -160    1      1  52.8026  16.2355
 150 -150    1      1  52.5642  15.7738
 150 -140    1      1  52.4182  15.0030
 150 -130    1      1  52.6079  14.3883
 150 -120    1      1  52.8840  14.1503
 150 -110    1      1  53.4635  14.6410
 150 -100    1      1  54.2587  15.3634
 150  -90    1      1  55.4519  15.9714
 150  -80    1      1  56.5913  16.1066
 150  -70    1      1  57.3742  16.0336
 150  -60    1      1  57.9467  15.8176
 150  -50    1      1  58.0149  15.6596
 150  -40    1      1  57.5221  15.5959
 150  -30    1      1  56.8750  15.5241
 150  -20    1      1  56.2234  15.6610
 150  -10    1      1  55.3036  15.6463
 150    0    1      1  54.4081  15.3934
 150   10    1      1  53.9360  14.7038
 150   20    1      1  53.5887  13.9792
 150   30    1      1  53.5631  13.4110
 150   40    1      1  53.4112  13.2057
 150   50    1      1  53.3902  13.0657
 150   60    1      1  53.4788  13.1907
 150   70    1      1  53.8038  13.3066
 150   80    1      1  54.1950  13.4428
 150   90    1      1  54.8626  13.6782
 150  100    1      1  55.5691  13.8837
 150  110    1      1  56.0976  14.3280
 150  120    1      1  56.6719  14.6342
 150  130    1      1  56.6497  14.9220
 150  140    1      1  56.4817  15.2649
 150  150    1      1  55.9711  15.6010
 150  160    1      1  55.2115  15.9969
 150  170    1      1  54.4085  16.2655
 150  180    1      1  53.6497  16.5399
 160 -180    1      1  52.6642  14.6771
 160 -170    1      1  52.2717  14.6236
 160 -160    1      1  52.1478  14.4989
 160 -150    1      1  52.0940  13.9890
 160 -140    1      1  51.9905  13.3647
 160 -130    1      1  52.1557  12.7182
 160 -120    1      1  52.3759  12.5247
 160 -110    1      1  52.9108  12.8733
 160 -100    1      1  53.6214  13.4494
 160  -90    1      1  54.6565  14.0123
 160  -80    1      1  55.7408  14.2254
 160  -70    1      1  56.5207  14.0851
 160  -60    1      1  57.0663  13.9598
 160  -50    1      1  57.0427  13.8230
 160  -40    1      1  56.7079  13.7401
 160  -30    1      1  56.0418  13.7710
 160  -20    1      1  55.2838  13.8369
 160  -10    1      1  54.3695  13.7928
 160    0    1      1  53.5848  13.4235
 160   10    1      1  53.1560  12.7936
 160   20    1      1  53.0574  12.1755
 160   30    1      1  53.0211  11.6821
 160   40    1      1  53.1524  11.3555
 160   50    1      1  53.0077  11.3656
 160   60    1      1  52.8635  11.3920
 160   70    1      1  53.1523  11.4363
 160   80    1      1  53.4969  11.5281
 160   90    1      1  54.2544  11.7667
 160  100    1      1  54.9190  12.0566
 160  110    1      1  55.3681  12.4383
 160  120    1      1  55.7549  12.8187
 160  130    1      1  55.7683  13.1545
 160  140    1      1  55.5040  13.4937
 160  150    1      1  54.9981  13.8030
 160  160    1      1  54.2392  14.2378
 160  170    1      1  53.4022  14.4439
 160  180    1      1  52.6642  14.6771
 170 -180    1      1  52.2182  14.0812
 170 -170    1      1  51.8696  14.0693
 170 -160    1      1  51.7556  13.9368
 170 -150    1      1  51.8807  13.6005
 170 -140    1      1  51.9101  12.9351
 170 -130    1      1  51.8128  12.2750
 170 -120    1      1  52.2370  12.0417
 170 -110    1      1  52.4842  12.3556
 170 -100    1      1  53.2204  12.9065
 170  -90    1      1  54.1755  13.5152
 170  -80    1      1  55.1511  13.7097
 170  -70    1      1  55.9919  13.6870
 170  -60    1      1  56.4375  13.5559
 170  -50    1      1  56.4442  13.4798
 170  -40    1      1  56.1732  13.4002
 170  -30    1      1  55.4186  13.4073
 170  -20    1      1  54.5401  13.4520
 170  -10    1      1  53.6506  13.3187
 170    0    1      1  52.9091  12.9494
 170   10    1      1  52.7869  12.2584
 170   20    1      1  52.8798  11.5850
 170   30    1      1  52.8566  11.1525
 170   40    1      1  52.8097  10.9197
 170   50    1      1  52.6687  10.8953
 170   60    1      1  52.7144  10.9210
 170   70    1      1  52.7159  10.8948
 170   80    1      1  53.1401  10.9565
 170   90    1      1  53.7183  11.1892
 170  100    1      1  54.4085  11.4600
 170  110    1      1  54.9763  11.9913
 170  120    1      1  55.1954  12.3696
 170  130    1      1  55.2311  12.7049
 170  140    1      1  54.9694  13.0793
 170  150    1      1  54.2525  13.4060
 170  160    1      1  53.4790  13.8061
 170  170    1      1  52.7409  14.0219
 170  180    1      1  52.2182  14.0812
 180 -180    1      1  51.9508  14.8606
 180 -170    1      1  51.7580  14.8502
 180 -160    1      1  51.7543  14.7558
 180 -150    1      1  51.7794  14.2729
 180 -140    1      1  51.8402  13.7065
 180 -130    1      1  51.7646  12.9917
 180 -120    1      1  51.9294  12.6689
 180 -110    1      1  52.3014  12.9440
 180 -100    1      1  53.0236  13.5946
 180  -90    1      1  53.8724  14.2510
 180  -80    1      1  54.9290  14.5344
 180  -70    1      1  55.7703  14.5238
 180  -60    1      1  56.1888  14.6161
 180  -50    1      1  56.1930  14.5208
 180  -40    1      1  55.7903  14.4608
 180  -30    1      1  54.9503  14.4761
 180  -20    1      1  54.0574  14.4913
 180  -10    1      1  53.2258  14.2695
 180    0    1      1  52.7245  13.7293
 180   10    1      1  52.6724  13.2365
 180   20    1      1  52.8336  12.5993
 180   30    1      1  52.7908  12.1164
 180   40    1      1  52.7200  11.8920
 180   50    1      1  52.5105  11.7954
 180   60    1      1  52.4171  11.7568
 180   70    1      1  52.4228  11.7470
 180   80    1      1  52.9348  11.7289
 180   90    1      1  53.5223  12.0436
 180  100    1      1  54.2440  12.3270
 180  110    1      1  54.7441  12.8457
 180  120    1      1  54.9992  13.2922
 180  130    1      1  54.9667  13.6768
 180  140    1      1  54.6218  14.0999
 180  150    1      1  54.0070  14.3255
 180  160    1      1  53.2053  14.6272
 180  170    1      1  52.4056  14.8440
 180  180    1      1  51.9508  14.8606
