   0 -180    1      1  60.8131  30.4684
   0 -170    1      1  60.6019  30.5586
   0 -160    1      1  60.1615  30.5377
   0 -150    1      1  59.4726  30.5396
   0 -140    1      1  58.4847  30.8603
   0 -130    1      1  57.5515  30.9600
   0 -120    1      1  57.3877  30.2102
   0 -110    1      1  57.5171  29.4246
   0 -100    1      1  58.5315  29.0366
   0  -90    1      1  59.5628  29.1497
   0  -80    1      1  60.6390  29.6110
   0  -70    1      1  61.7915  29.7066
   0  -60    1      1  62.5264  29.8382
   0  -50    1      1  62.9280  29.8052
   0  -40    1      1  63.0192  29.6819
   0  -30    1      1  62.9485  29.8869
   0  -20    1      1  62.6629  30.1617
   0  -10    1      1  62.2581  30.2777
   0    0    1      1  62.2334  29.8527
   0   10    1      1  62.1391  29.5079
   0   20    1      1  61.4464  28.8427
   0   30    1      1  60.8796  27.6852
   0   40    1      1  60.2306  26.7157
   0   50    1      1  59.4039  26.3763
   0   60    1      1  58.0962  26.1660
   0   70    1      1  58.4593  27.4253
   0   80    1      1  58.6896  28.0550
   0   90    1      1  59.2475  28.9626
   0  100    1      1  60.0457  29.7165
   0  110    1      1  60.8636  30.0471
   0  120    1      1  61.2985  30.2501
   0  130    1      1  61.4426  30.1869
   0  140    1      1  61.3877  30.2159
   0  150    1      1  61.3045  30.1990
   0  160    1      1  61.0656  30.2608
   0  170    1      1  60.9319  30.3357
   0  180    1      1  60.8131  30.4684
 180 -180    1      1  59.6477  32.9130
 180 -170    1      1  60.9774  32.5258
 180 -160    1      1  59.4613  32.6976
 180 -150    1      1  59.1737  32.6386
 180 -140    1      1  58.7826  32.7706
 180 -130    1      1  58.2187  32.8742
 180 -120    1      1  57.8707  31.8721
 180 -110    1      1  57.7520  31.1498
 180 -100    1      1  58.1598  30.9275
 180  -90    1      1  59.0561  30.9538
 180  -80    1      1  59.7548  31.3156
 180  -70    1      1  60.5849  31.7437
 180  -60    1      1  61.1562  32.0382
 180  -50    1      1  61.4454  31.9789
 180  -40    1      1  61.4277  32.0502
 180  -30    1      1  61.1607  32.2057
 180  -20    1      1  60.5994  32.6110
 180  -10    1      1  61.4208  32.4381
 180    0    1      1  61.1532  32.2732
 180   10    1      1  60.9503  31.8167
 180   20    1      1  60.9356  30.7953
 180   30    1      1  62.5646  29.5456
 180   40    1      1  61.7301  28.4986
 180   50    1      1  59.4847  27.9856
 180   60    1      1  59.0094  27.9481
 180   70    1      1  58.1513  28.5597
 180   80    1      1  58.0469  29.7516
 180   90    1      1  58.5694  30.7929
 180  100    1      1  59.1986  31.8855
 180  110    1      1  59.8974  32.4676
 180  120    1      1  60.1159  32.5893
 180  130    1      1  60.3954  32.6219
 180  140    1      1  60.4972  32.7127
 180  150    1      1  60.4088  32.7190
 180  160    1      1  59.8212  32.7727
 180  170    1      1  59.6482  32.8502
 180  180    1      1  59.6477  32.9130
