-170  150
-170  155
-170  160
-170  165
-165  145
-165  150
-165  155
-165  160
-165  165
-165  170
-165  175
-160 -180
-160  140
-160  145
-160  150
-160  155
-160  160
-160  165
-160  170
-160  175
-155 -180
-155 -175
-155  135
-155  140
-155  145
-155  150
-155  155
-155  160
-155  165
-155  170
-155  175
-150 -180
-150 -175
-150  135
-150  140
-150  145
-150  150
-150  155
-150  160
-150  165
-150  170
-150  175
-145 -180
-145 -175
-145  135
-145  140
-145  145
-145  150
-145  155
-145  160
-145  165
-145  170
-145  175
-140 -180
-140 -175
-140 -170
-140  125
-140  130
-140  135
-140  140
-140  145
-140  150
-140  155
-140  160
-140  165
-140  170
-140  175
-135 -180
-135 -175
-135 -170
-135  -20
-135  -15
-135  -10
-135   -5
-135    0
-135    5
-135   10
-135   15
-135   20
-135   25
-135   30
-135   35
-135   40
-135   45
-135  115
-135  120
-135  125
-135  130
-135  135
-135  140
-135  145
-135  150
-135  155
-135  160
-135  165
-135  170
-135  175
-130 -180
-130 -175
-130 -170
-130  -35
-130  -30
-130  -25
-130  -20
-130  -15
-130  -10
-130   -5
-130    0
-130    5
-130   10
-130   15
-130   20
-130   25
-130   30
-130   35
-130   40
-130   45
-130   50
-130  105
-130  110
-130  115
-130  120
-130  125
-130  130
-130  135
-130  140
-130  145
-130  150
-130  155
-130  160
-130  165
-130  170
-130  175
-125 -180
-125 -175
-125 -170
-125  -40
-125  -35
-125  -30
-125  -25
-125  -20
-125  -15
-125  -10
-125   -5
-125    0
-125    5
-125   10
-125   15
-125   20
-125   25
-125   30
-125   35
-125   40
-125   45
-125   50
-125  105
-125  110
-125  115
-125  120
-125  125
-125  130
-125  135
-125  140
-125  145
-125  150
-125  155
-125  160
-125  165
-125  170
-125  175
-120 -180
-120 -175
-120 -170
-120  -40
-120  -35
-120  -30
-120  -25
-120  -20
-120  -15
-120  -10
-120   -5
-120    0
-120    5
-120   10
-120   15
-120   20
-120   25
-120   30
-120   35
-120   40
-120  105
-120  110
-120  115
-120  120
-120  125
-120  130
-120  135
-120  140
-120  145
-120  150
-120  155
-120  160
-120  165
-120  170
-120  175
-115 -180
-115 -175
-115 -170
-115  -40
-115  -35
-115  -30
-115  -25
-115  -20
-115  -15
-115  -10
-115   -5
-115    0
-115    5
-115   10
-115   15
-115   20
-115   25
-115   30
-115   35
-115  105
-115  110
-115  115
-115  120
-115  125
-115  130
-115  135
-115  140
-115  145
-115  150
-115  155
-115  160
-115  165
-115  170
-115  175
-110 -180
-110 -175
-110 -170
-110  -40
-110  -35
-110  -30
-110  -25
-110  -20
-110  -15
-110  -10
-110   -5
-110    0
-110    5
-110   10
-110   15
-110   20
-110   25
-110   30
-110   35
-110  105
-110  110
-110  115
-110  120
-110  125
-110  130
-110  135
-110  140
-110  145
-110  150
-110  155
-110  160
-110  165
-110  170
-110  175
-105 -180
-105 -175
-105 -170
-105  -40
-105  -35
-105  -30
-105  -25
-105  -20
-105  -15
-105  -10
-105   -5
-105    0
-105    5
-105   10
-105   15
-105   20
-105   25
-105   30
-105  105
-105  110
-105  115
-105  120
-105  125
-105  130
-105  135
-105  140
-105  145
-105  150
-105  155
-105  160
-105  165
-105  170
-105  175
-100 -180
-100 -175
-100 -170
-100  -40
-100  -35
-100  -30
-100  -25
-100  -20
-100  -15
-100  -10
-100   -5
-100    0
-100    5
-100   10
-100   15
-100   20
-100   25
-100  105
-100  110
-100  115
-100  120
-100  125
-100  130
-100  135
-100  140
-100  145
-100  150
-100  155
-100  160
-100  165
-100  170
-100  175
 -95 -180
 -95 -175
 -95  -40
 -95  -35
 -95  -30
 -95  -25
 -95  -20
 -95  -15
 -95  -10
 -95   -5
 -95    0
 -95    5
 -95   10
 -95   15
 -95   20
 -95   25
 -95  105
 -95  110
 -95  115
 -95  120
 -95  125
 -95  130
 -95  135
 -95  140
 -95  145
 -95  150
 -95  155
 -95  160
 -95  165
 -95  170
 -95  175
 -90 -180
 -90 -175
 -90  -40
 -90  -35
 -90  -30
 -90  -25
 -90  -20
 -90  -15
 -90  -10
 -90   -5
 -90    0
 -90    5
 -90   10
 -90   15
 -90   20
 -90  110
 -90  115
 -90  120
 -90  125
 -90  130
 -90  135
 -90  140
 -90  145
 -90  150
 -90  155
 -90  160
 -90  165
 -90  170
 -90  175
 -85 -180
 -85 -175
 -85  -40
 -85  -35
 -85  -30
 -85  -25
 -85  -20
 -85  -15
 -85  -10
 -85   -5
 -85    0
 -85    5
 -85   10
 -85   15
 -85  110
 -85  115
 -85  120
 -85  125
 -85  130
 -85  135
 -85  140
 -85  145
 -85  150
 -85  155
 -85  160
 -85  165
 -85  170
 -85  175
 -80 -180
 -80 -175
 -80  -45
 -80  -40
 -80  -35
 -80  -30
 -80  -25
 -80  -20
 -80  -15
 -80  -10
 -80   -5
 -80    0
 -80    5
 -80   10
 -80  115
 -80  120
 -80  125
 -80  130
 -80  135
 -80  140
 -80  145
 -80  150
 -80  155
 -80  160
 -80  165
 -80  170
 -80  175
 -75 -180
 -75  -50
 -75  -45
 -75  -40
 -75  -35
 -75  -30
 -75  -25
 -75  -20
 -75  -15
 -75  -10
 -75   -5
 -75    0
 -75    5
 -75  115
 -75  120
 -75  125
 -75  130
 -75  135
 -75  140
 -75  145
 -75  150
 -75  155
 -75  160
 -75  165
 -75  170
 -75  175
 -70  -55
 -70  -50
 -70  -45
 -70  -40
 -70  -35
 -70  -30
 -70  -25
 -70  -20
 -70  -15
 -70  -10
 -70   -5
 -70    0
 -70  120
 -70  125
 -70  130
 -70  135
 -70  140
 -70  145
 -70  150
 -70  155
 -70  160
 -70  165
 -70  170
 -70  175
 -65  -55
 -65  -50
 -65  -45
 -65  -40
 -65  -35
 -65  -30
 -65  -25
 -65  -20
 -65  -15
 -65  -10
 -65   -5
 -65  120
 -65  125
 -65  130
 -65  135
 -65  140
 -65  145
 -65  150
 -65  155
 -65  160
 -65  165
 -65  170
 -60  -55
 -60  -50
 -60  -45
 -60  -40
 -60  -35
 -60  -30
 -60  -25
 -60  -20
 -60  -15
 -60  -10
 -60  115
 -60  120
 -60  125
 -60  130
 -60  135
 -60  140
 -60  145
 -60  150
 -60  155
 -60  160
 -55  -55
 -55  -50
 -55  -45
 -55  -40
 -55  -35
 -55  -30
 -55  -25
 -55  -20
 -55  -15
 -55  115
 -55  120
 -55  125
 -55  130
 -55  135
 -55  140
 -55  145
 -50  -55
 -50  -50
 -50  -45
 -50  -40
 -50  -35
 -50  -30
 -50  -25
 -50  115
 -50  120
 -50  125
 -50  130
 -50  135
 -50  140
 -45  -55
 -45  -50
 -45  -45
 -45  -40
 -45  -35
 -45  120
 -45  125
 -45  130
 -45  135
 -40  125
 -40  130
